CLUSTER-0 {59, 56}
CLUSTER-1 {39, 152}
CLUSTER-2 {67, 266}
CLUSTER-3 {126, 243}
CLUSTER-4 {35, 286}
Total on clusters: 326
CLUSTER-1 {12, 13, 24, 25, 32, 33, 38, 39, 40, 41, 42, 43, 54, 55, 58, 59, 60, 61, 112, 125, 126, 127, 128, 129, 131, 144, 148, 149, 150, 151, 156, 157, 158, 228, 229, 234, 235, 252, 253, 300, 301, 308, 309, 316, 317, 318, 319, 323, 76, 77, 94, 95, 100, 113, 124, 314, 315, 56, 242}
CLUSTER-2 {52, 142, 143, 152, 205, 53, 0, 1, 50, 51, 84, 85, 88, 89, 90, 91, 118, 119, 130, 132, 133, 140, 141, 145, 146, 147, 154, 178, 179, 204, 262, 263, 287, 288, 289, 302, 303, 306, 307}
CLUSTER-3 {2, 3, 18, 19, 78, 79, 98, 99, 138, 139, 160, 161, 170, 171, 184, 185, 192, 193, 200, 201, 210, 211, 214, 215, 222, 223, 224, 225, 232, 233, 244, 245, 254, 255, 260, 261, 264, 265, 268, 270, 271, 274, 275, 276, 277, 280, 281, 284, 285, 290, 291, 296, 297, 324, 325, 20, 21, 82, 83, 86, 87, 208, 209, 269, 116, 117, 266}
CLUSTER-4 {4, 5, 6, 9, 14, 15, 16, 17, 22, 23, 27, 28, 29, 30, 31, 36, 37, 44, 45, 46, 47, 62, 63, 64, 65, 66, 67, 70, 71, 72, 73, 74, 75, 80, 81, 101, 102, 103, 104, 105, 110, 111, 114, 115, 120, 121, 122, 123, 136, 137, 164, 165, 166, 167, 168, 169, 174, 175, 180, 181, 182, 183, 186, 187, 188, 189, 190, 191, 202, 203, 206, 207, 218, 219, 226, 227, 230, 231, 236, 237, 238, 239, 240, 241, 246, 247, 248, 249, 250, 251, 256, 257, 258, 259, 272, 273, 278, 279, 282, 283, 292, 294, 295, 304, 305, 312, 313, 322, 7, 8, 26, 68, 69, 92, 93, 162, 163, 198, 199, 293, 310, 311, 57, 159, 243, 267}
CLUSTER-5 {106, 107, 172, 173, 176, 177, 196, 197, 212, 213, 217, 220, 221, 298, 299, 10, 11, 34, 35, 48, 49, 96, 97, 108, 109, 134, 135, 155, 194, 195, 216, 153, 286, 320, 321}
