CLUSTER-0 {30, 57}
CLUSTER-1 {43, 266}
CLUSTER-2 {14, 78}
CLUSTER-3 {27, 221}
CLUSTER-4 {114, 181}
CLUSTER-5 {42, 34}
CLUSTER-6 {56, 280}
Total on clusters: 326
CLUSTER-1 {24, 25, 32, 33, 42, 54, 58, 59, 60, 61, 100, 124, 128, 129, 131, 316, 317, 318, 319, 125, 126, 127, 300, 301, 322, 323, 0, 1, 57, 130}
CLUSTER-2 {184, 185, 192, 193, 200, 201, 214, 215, 222, 223, 224, 225, 233, 244, 254, 255, 260, 261, 264, 265, 267, 268, 269, 270, 271, 274, 275, 276, 277, 284, 285, 290, 291, 324, 325, 208, 209, 245, 76, 134, 135, 266, 296}
CLUSTER-3 {77, 138, 139, 148, 149, 212, 288, 78, 79, 213, 297, 170, 171, 289}
CLUSTER-4 {96, 97, 132, 155, 221, 86, 87, 154, 177, 194, 68, 69, 108, 109, 133, 176, 195, 196, 197, 204, 216, 217, 281, 298, 299, 320, 321}
CLUSTER-5 {4, 5, 16, 17, 27, 28, 29, 30, 31, 36, 37, 66, 70, 71, 72, 73, 74, 75, 81, 101, 102, 103, 110, 111, 114, 115, 120, 121, 122, 123, 136, 137, 164, 165, 166, 167, 168, 169, 174, 175, 180, 182, 183, 186, 187, 188, 189, 190, 191, 198, 199, 202, 203, 206, 207, 226, 227, 230, 231, 238, 239, 240, 241, 242, 246, 247, 248, 249, 250, 251, 256, 257, 258, 259, 272, 273, 278, 279, 282, 283, 304, 305, 312, 313, 6, 7, 8, 9, 10, 11, 14, 15, 26, 47, 67, 80, 104, 105, 106, 107, 218, 286, 287, 294, 295, 308, 309, 310, 311, 35, 44, 45, 181, 219}
CLUSTER-6 {2, 3, 40, 41, 46, 49, 62, 63, 64, 65, 82, 83, 88, 89, 113, 116, 117, 144, 145, 146, 147, 156, 157, 178, 179, 210, 211, 228, 229, 234, 235, 236, 237, 292, 293, 314, 315, 48, 306, 307, 34, 243}
CLUSTER-7 {52, 53, 90, 91, 118, 119, 142, 143, 153, 172, 173, 205, 20, 21, 50, 51, 140, 141, 162, 262, 263, 280, 302, 303, 12, 13, 18, 19, 22, 23, 38, 39, 43, 55, 56, 84, 85, 92, 93, 94, 95, 98, 99, 112, 150, 151, 152, 158, 159, 160, 161, 163, 220, 232, 252, 253}
#####################################
Above is with:
r: Ν
T: min distance pairs
k: 7
Silhouette: 0.198598
Clustering time: 0.028069
#####################################CLUSTER-0 {57, 266}
CLUSTER-1 {10, 133}
CLUSTER-2 {36, 21}
CLUSTER-3 {100, 181}
CLUSTER-4 {38, 34}
CLUSTER-5 {25, 28}
CLUSTER-6 {23, 317}
CLUSTER-7 {36, 106}
CLUSTER-8 {1, 32}
Total on clusters: 326
CLUSTER-1 {18, 19, 76, 78, 79, 98, 99, 118, 119, 134, 135, 138, 139, 170, 171, 184, 185, 192, 193, 200, 201, 208, 209, 214, 215, 222, 223, 224, 225, 233, 244, 245, 254, 255, 260, 261, 264, 265, 267, 269, 270, 271, 274, 275, 276, 277, 284, 285, 290, 291, 296, 297, 324, 325, 51, 268, 266}
CLUSTER-2 {96, 132, 133, 154, 320, 321, 55, 86, 87, 155}
CLUSTER-3 {84, 158, 159, 319, 322, 20, 21, 39, 40, 41, 112, 113, 126, 148, 149, 150, 151, 160, 161, 252, 253, 262, 263, 280, 281, 294, 323, 23, 43, 94, 95, 140, 141, 235, 315, 318}
CLUSTER-4 {4, 5, 6, 7, 16, 17, 30, 31, 66, 67, 70, 71, 72, 73, 75, 80, 81, 102, 103, 104, 105, 110, 111, 114, 115, 122, 123, 136, 137, 164, 165, 166, 167, 168, 169, 174, 175, 180, 182, 183, 186, 187, 188, 189, 190, 191, 198, 199, 202, 203, 206, 207, 226, 227, 230, 231, 238, 239, 240, 241, 242, 246, 247, 248, 249, 250, 251, 256, 257, 258, 259, 272, 273, 278, 279, 282, 283, 304, 305, 308, 309, 312, 313, 8, 9, 74, 310, 311, 10, 11, 29, 35, 107, 120, 181, 218, 219, 295, 298, 299}
CLUSTER-5 {2, 3, 48, 49, 62, 63, 64, 65, 83, 88, 89, 116, 117, 144, 146, 147, 152, 153, 156, 157, 178, 179, 210, 211, 229, 234, 237, 307, 46, 82, 145, 236, 292, 293, 34, 228, 232, 306}
CLUSTER-6 {101, 12, 13, 28, 52, 53, 162, 163, 314, 22, 24, 26, 27, 36, 37, 44, 45, 47, 50, 57, 142, 143, 204, 205, 243}
CLUSTER-7 {54, 56, 58, 59, 316, 42, 125, 128, 300, 301, 25, 33, 38, 60, 61, 97, 100, 124, 127, 129, 130, 131, 317}
CLUSTER-8 {90, 91, 106, 108, 176, 177, 217, 220, 221, 286, 287, 85, 92, 93, 121, 172, 173, 194, 195, 196, 197, 212, 216, 0, 1, 14, 15, 68, 69, 77, 109, 213, 288, 289, 302, 303}
CLUSTER-9 {32}
#####################################
Above is with:
r: Ν
T: max distance pairs
k: 9
Silhouette: 0.249316
Clustering time: 0.030931
#####################################CLUSTER-0 {46, 266}
CLUSTER-1 {29, 40}
CLUSTER-2 {6, 320}
CLUSTER-3 {13, 78}
CLUSTER-4 {22, 57}
CLUSTER-5 {22, 221}
CLUSTER-6 {46, 281}
CLUSTER-7 {116, 181}
CLUSTER-8 {26, 294}
Total on clusters: 326
CLUSTER-1 {184, 185, 192, 193, 200, 201, 214, 215, 222, 223, 224, 225, 233, 244, 245, 254, 255, 261, 264, 265, 267, 268, 269, 270, 271, 276, 277, 285, 290, 291, 324, 325, 2, 117, 260, 274, 275, 284, 296, 76, 83, 134, 135, 208, 209, 266}
CLUSTER-2 {3, 34, 35, 48, 49, 68, 69, 112, 113, 218, 219, 234, 235, 237, 252, 253, 308, 309, 82, 144, 145, 148, 156, 157, 236, 40, 220, 243, 318}
CLUSTER-3 {52, 204, 53, 142, 320, 321}
CLUSTER-4 {77, 138, 139, 170, 213, 288, 289, 78, 79, 212, 171, 232, 297}
CLUSTER-5 {24, 25, 54, 56, 58, 59, 61, 100, 124, 125, 128, 228, 229, 300, 301, 316, 46, 60, 306, 307, 42, 57}
CLUSTER-6 {96, 97, 216, 217, 86, 87, 132, 133, 194, 195, 196, 197, 221, 298, 299, 92, 108, 109, 154, 155, 176, 177}
CLUSTER-7 {12, 13, 18, 19, 20, 21, 50, 118, 119, 140, 141, 143, 160, 161, 162, 163, 172, 173, 262, 263, 22, 23, 38, 39, 43, 51, 55, 84, 85, 90, 93, 94, 95, 98, 99, 210, 211, 91, 146, 147, 152, 153, 205, 281, 302, 303}
CLUSTER-8 {4, 5, 26, 27, 28, 29, 36, 37, 44, 64, 65, 70, 71, 72, 73, 74, 75, 80, 81, 102, 104, 105, 106, 107, 110, 111, 114, 115, 120, 121, 122, 123, 136, 137, 164, 165, 166, 167, 168, 169, 174, 175, 178, 179, 180, 182, 183, 186, 187, 188, 189, 190, 191, 198, 199, 202, 203, 206, 207, 226, 227, 230, 231, 238, 239, 240, 241, 242, 246, 247, 248, 249, 250, 251, 256, 257, 258, 259, 272, 273, 278, 279, 282, 283, 286, 287, 304, 305, 312, 313, 14, 15, 16, 17, 30, 31, 45, 47, 66, 67, 88, 89, 101, 103, 292, 293, 310, 311, 6, 7, 8, 9, 62, 63, 116, 181}
CLUSTER-9 {126, 158, 159, 294, 295, 323, 0, 1, 11, 32, 33, 127, 129, 130, 131, 314, 315, 322, 10, 41, 149, 150, 151, 280, 317, 319}
#####################################
Above is with:
r: Ν
T: random distance pairs
k: 9
Silhouette: 0.174412
Clustering time: 0.031107
#####################################CLUSTER-0 {92, 180}
CLUSTER-1 {25, 220}
CLUSTER-2 {56, 266}
CLUSTER-3 {40, 272}
CLUSTER-4 {54, 319}
CLUSTER-5 {59, 281}
Total on clusters: 326
CLUSTER-1 {6, 7, 37, 45, 47, 66, 67, 70, 71, 72, 73, 100, 106, 107, 110, 111, 120, 121, 122, 123, 136, 137, 164, 165, 168, 169, 178, 179, 180, 182, 183, 188, 189, 198, 206, 207, 226, 238, 239, 242, 246, 247, 248, 249, 258, 259, 278, 279, 282, 283, 292, 293, 304, 308, 309, 311, 4, 5, 26, 27, 28, 29, 30, 31, 36, 44, 46, 48, 49, 74, 75, 101, 190, 191, 199, 227, 250, 251, 286, 310, 14, 15, 80, 81, 102, 103, 202, 231, 243, 273, 312, 313}
CLUSTER-2 {86, 87, 96, 132, 133, 154, 155, 68, 69, 97, 108, 109, 176, 177, 194, 195, 196, 197, 204, 216, 217, 298, 299, 220, 287}
CLUSTER-3 {76, 77, 78, 79, 134, 135, 138, 139, 170, 184, 185, 192, 193, 208, 209, 212, 233, 244, 245, 254, 255, 264, 265, 266, 267, 268, 269, 271, 274, 275, 276, 277, 284, 285, 324, 325, 2, 3, 171, 200, 201, 214, 215, 222, 223, 224, 225, 260, 261, 290, 291, 296, 297, 82, 83, 270}
CLUSTER-4 {62, 63, 64, 65, 89, 104, 105, 166, 167, 174, 175, 186, 187, 236, 237, 240, 256, 257, 88, 114, 115, 116, 117, 203, 230, 320, 321, 8, 9, 16, 17, 22, 34, 35, 181, 218, 219, 241, 272, 305}
CLUSTER-5 {42, 126, 127, 158, 159, 300, 316, 317, 323, 0, 1, 10, 11, 24, 25, 32, 33, 40, 41, 56, 57, 58, 60, 61, 112, 113, 124, 125, 128, 129, 130, 131, 144, 145, 148, 149, 213, 228, 234, 235, 294, 295, 301, 306, 314, 315, 322, 150, 151, 280, 288, 289, 307, 319}
CLUSTER-6 {12, 13, 18, 19, 20, 21, 23, 50, 51, 52, 53, 90, 91, 94, 95, 98, 99, 118, 119, 140, 141, 142, 143, 146, 147, 153, 160, 161, 162, 163, 172, 173, 205, 262, 263, 302, 303, 38, 39, 43, 55, 84, 85, 92, 93, 152, 156, 157, 210, 211, 229, 252, 253, 54, 59, 221, 232, 281, 318}
#####################################
Above is with:
r: N^{1.5}
T: min distance pairs
k: 6
Silhouette: 0.120224
Clustering time: 0.032352
#####################################CLUSTER-0 {79, 112}
CLUSTER-1 {35, 107}
CLUSTER-2 {109, 181}
CLUSTER-3 {61, 232}
CLUSTER-4 {42, 172}
Total on clusters: 326
CLUSTER-1 {0, 1, 12, 13, 20, 21, 22, 23, 24, 25, 32, 33, 34, 35, 39, 40, 41, 42, 43, 48, 49, 56, 57, 60, 61, 62, 94, 95, 124, 125, 126, 127, 130, 150, 151, 156, 157, 162, 163, 178, 179, 228, 229, 234, 235, 237, 252, 253, 262, 263, 280, 281, 300, 301, 306, 307, 314, 315, 316, 317, 318, 319, 8, 9, 38, 46, 131, 144, 145, 146, 147, 148, 149, 218, 219, 236, 88, 89, 112}
CLUSTER-2 {106, 107, 108, 132, 133, 154, 155, 177, 216, 220, 221, 287, 298, 299, 64, 65, 176, 217, 63, 68, 69, 92, 93, 120, 121, 158, 159, 173, 212, 213, 243, 266, 286, 288, 289}
CLUSTER-3 {4, 5, 6, 7, 16, 17, 26, 27, 28, 29, 36, 37, 44, 45, 66, 67, 70, 71, 72, 73, 74, 75, 80, 81, 100, 101, 102, 103, 104, 105, 110, 111, 122, 123, 136, 137, 164, 165, 166, 167, 168, 169, 174, 175, 180, 182, 183, 186, 187, 188, 189, 190, 191, 198, 202, 203, 206, 207, 226, 227, 230, 231, 238, 239, 240, 241, 242, 246, 247, 248, 249, 250, 251, 256, 257, 258, 259, 272, 273, 278, 279, 282, 283, 292, 293, 304, 305, 308, 309, 312, 313, 10, 11, 14, 15, 30, 31, 47, 114, 115, 199, 294, 295, 310, 311, 113, 116, 117, 181}
CLUSTER-4 {76, 77, 78, 79, 134, 135, 138, 139, 170, 171, 192, 193, 209, 214, 215, 222, 223, 224, 225, 233, 254, 255, 264, 265, 267, 268, 269, 270, 271, 274, 275, 276, 284, 285, 290, 291, 296, 297, 324, 325, 2, 3, 18, 19, 82, 83, 98, 99, 184, 185, 200, 201, 208, 210, 211, 244, 245, 260, 261, 277, 232}
CLUSTER-5 {52, 53, 86, 87, 118, 119, 142, 152, 153, 204, 50, 51, 54, 55, 84, 85, 140, 141, 160, 161, 172, 205, 302, 303, 58, 59, 90, 91, 96, 97, 109, 128, 129, 143, 194, 195, 196, 197, 320, 321, 322, 323}
#####################################
Above is with:
r: N^{1.5}
T: max distance pairs
k: 5
Silhouette: 0.149967
Clustering time: 0.030038
#####################################CLUSTER-0 {46, 266}
CLUSTER-1 {71, 181}
CLUSTER-2 {16, 76}
CLUSTER-3 {10, 155}
CLUSTER-4 {26, 239}
CLUSTER-5 {89, 262}
CLUSTER-6 {28, 107}
CLUSTER-7 {40, 272}
Total on clusters: 326
CLUSTER-1 {82, 83, 98, 99, 184, 185, 192, 193, 200, 201, 214, 215, 222, 223, 224, 225, 233, 244, 245, 254, 260, 261, 264, 265, 267, 268, 269, 270, 271, 274, 275, 276, 277, 284, 285, 290, 291, 296, 324, 325, 2, 3, 255, 171, 266, 297}
CLUSTER-2 {25, 28, 29, 60, 61, 66, 67, 70, 71, 100, 101, 122, 123, 136, 137, 164, 165, 168, 169, 182, 183, 188, 189, 226, 242, 243, 246, 247, 248, 249, 258, 259, 308, 309, 310, 6, 7, 30, 31, 47, 74, 75, 80, 81, 110, 111, 198, 199, 206, 250, 251, 278, 311, 312, 313, 24, 36, 37, 44, 45, 124, 125, 178, 179, 181, 230, 231, 238, 273, 282, 283}
CLUSTER-3 {77, 79, 138, 139, 170, 208, 209, 212, 78, 134, 135, 149, 213, 76, 148, 232}
CLUSTER-4 {132, 133, 154, 306, 320, 321, 54, 55, 155, 96}
CLUSTER-5 {4, 5, 16, 17, 86, 87, 92, 93, 120, 142, 22, 23, 26, 27, 102, 103, 121, 143, 298, 299, 72, 73, 106, 239, 263, 315}
CLUSTER-6 {39, 42, 43, 112, 126, 127, 150, 151, 314, 316, 317, 318, 319, 12, 13, 20, 21, 32, 33, 40, 41, 56, 57, 59, 84, 94, 95, 113, 128, 129, 140, 156, 157, 160, 161, 162, 163, 234, 235, 252, 253, 262, 280, 281, 300, 301, 322, 323, 10, 11, 18, 19, 34, 35, 38, 46, 48, 49, 50, 51, 52, 53, 58, 85, 118, 119, 130, 141, 144, 145, 146, 147, 152, 153, 204, 205, 210, 211, 228, 229, 288, 289, 292, 293, 294, 295, 302, 303, 307}
CLUSTER-7 {108, 109, 176, 196, 197, 216, 217, 220, 221, 286, 287, 0, 1, 14, 15, 68, 69, 90, 91, 131, 172, 173, 177, 194, 195, 107, 158, 159}
CLUSTER-8 {62, 63, 64, 65, 88, 104, 105, 166, 167, 186, 187, 219, 236, 237, 240, 241, 8, 9, 89, 114, 115, 116, 117, 174, 175, 202, 203, 218, 256, 257, 304, 305, 97, 180, 190, 191, 207, 227, 272, 279}
#####################################
Above is with:
r: N^{1.5}
T: random distance pairs
k: 8
Silhouette: 0.145402
Clustering time: 0.029138
#####################################CLUSTER-0 {67, 232}
CLUSTER-1 {122, 165}
CLUSTER-2 {51, 34}
CLUSTER-3 {86, 295}
Total on clusters: 326
CLUSTER-1 {76, 77, 78, 79, 98, 99, 116, 118, 119, 134, 135, 138, 139, 140, 141, 170, 171, 184, 185, 192, 193, 200, 201, 208, 209, 210, 211, 212, 214, 215, 216, 217, 222, 223, 224, 225, 232, 233, 244, 245, 254, 255, 260, 261, 264, 265, 267, 268, 269, 270, 274, 275, 276, 277, 284, 285, 290, 291, 296, 297, 324, 86, 87, 271, 18, 19, 325}
CLUSTER-2 {24, 25, 28, 29, 47, 52, 53, 60, 61, 80, 81, 101, 110, 111, 122, 123, 136, 137, 165, 166, 167, 168, 169, 180, 182, 183, 188, 189, 198, 199, 226, 227, 240, 241, 242, 243, 246, 248, 249, 258, 259, 312, 313, 4, 5, 9, 16, 17, 22, 23, 30, 31, 66, 67, 70, 71, 72, 73, 74, 75, 94, 95, 100, 102, 103, 104, 105, 142, 143, 174, 175, 190, 191, 202, 203, 204, 205, 206, 207, 230, 231, 238, 239, 247, 250, 251, 256, 257, 272, 273, 278, 279, 282, 283, 305, 8, 12, 13, 26, 27, 50, 51, 62, 92, 93, 114, 115, 120, 121, 152, 153, 162, 163, 181, 186, 187, 294, 298, 299, 304, 320, 321}
CLUSTER-3 {46, 63, 97, 132, 133, 154, 155, 218, 219, 220, 221, 236, 237, 286, 287, 306, 307, 34, 35, 64, 65, 88, 89, 96, 106, 107, 108, 109, 2, 3, 14, 15, 40, 41, 48, 49, 112, 113, 117, 144, 145, 146, 147, 156, 157, 164, 178, 179, 229, 234, 235}
CLUSTER-4 {0, 1, 10, 11, 36, 37, 38, 39, 42, 84, 85, 126, 127, 128, 129, 130, 131, 158, 159, 172, 173, 176, 177, 196, 213, 228, 262, 263, 314, 315, 316, 317, 318, 319, 323, 6, 7, 20, 21, 32, 33, 43, 44, 45, 54, 55, 56, 57, 58, 59, 68, 69, 82, 83, 90, 91, 124, 125, 148, 149, 150, 151, 160, 161, 194, 195, 197, 252, 253, 280, 281, 288, 289, 292, 293, 300, 301, 302, 303, 309, 310, 311, 322, 266, 295, 308}
#####################################
Above is with:
r: All distance pairs
T: min distance pairs
k: 4
Silhouette: 0.116216
Clustering time: 0.030241
#####################################