1	49	1
1	126	1
1	138	1
1	141	1
1	177	1
1	268	3
1	511	1
1	587	1
1	772	5
1	941	1
2	116	4
2	204	3
2	206	4
2	266	4
2	462	4
2	680	2
2	693	3
2	755	2
2	809	3
2	854	5
3	100	3
3	162	3
3	169	3
3	174	3
3	192	3
3	207	2
3	213	3
3	593	3
3	729	2
3	898	3
4	100	1
4	267	1
4	388	1
4	405	1
4	410	1
4	577	1
4	589	1
4	881	1
4	895	1
4	930	1
5	136	1
5	449	1
5	500	1
5	603	1
5	607	1
5	611	1
5	692	1
5	729	1
5	849	1
5	899	1
6	15	2
6	164	1
6	296	1
6	444	2
6	450	1
6	453	1
6	679	1
6	817	1
6	820	3
6	865	2
7	79	1
7	220	1
7	230	1
7	293	1
7	470	1
7	612	1
7	808	1
7	873	1
7	920	1
7	922	1
8	68	1
8	161	2
8	356	1
8	548	1
8	780	2
8	783	2
8	788	1
8	820	1
8	873	1
8	997	1
9	109	2
9	121	3
9	162	2
9	260	1
9	264	2
9	385	2
9	534	2
9	574	3
9	627	1
9	999	1
10	42	3
10	291	4
10	383	1
10	463	1
10	467	2
10	501	2
10	657	4
10	895	4
10	906	4
10	965	2
11	9	3
11	15	3
11	153	4
11	199	2
11	241	2
11	556	2
11	814	1
11	846	1
11	875	1
11	987	1
12	6	3
12	19	4
12	23	2
12	164	1
12	285	2
12	457	2
12	474	3
12	764	2
12	860	3
12	978	1
13	48	4
13	83	5
13	148	5
13	157	4
13	262	4
13	393	4
13	476	4
13	573	5
13	587	4
13	683	4
14	80	1
14	158	1
14	308	1
14	378	2
14	476	1
14	511	1
14	518	1
14	601	1
14	611	1
14	671	2
15	116	1
15	197	3
15	295	1
15	324	1
15	444	1
15	478	1
15	520	1
15	691	1
15	863	1
15	911	1
16	35	4
16	73	2
16	133	4
16	264	3
16	425	3
16	559	2
16	770	3
16	779	3
16	842	2
16	855	4
17	24	4
17	28	1
17	33	1
17	140	1
17	154	3
17	217	1
17	310	2
17	320	2
17	457	1
17	960	1
18	5	1
18	50	4
18	163	1
18	544	4
18	575	4
18	598	1
18	614	3
18	622	1
18	732	1
18	919	4
19	12	1
19	97	2
19	311	2
19	414	2
19	569	2
19	628	2
19	744	2
19	750	2
19	756	2
19	825	2
20	79	2
20	159	1
20	246	2
20	424	2
20	437	1
20	468	1
20	620	2
20	699	1
20	782	1
20	970	3
21	53	1
21	242	1
21	350	2
21	353	3
21	501	1
21	777	2
21	792	2
21	842	1
21	874	2
21	997	2
22	21	2
22	80	1
22	142	2
22	158	1
22	170	2
22	458	1
22	677	1
22	845	3
22	874	1
22	954	1
23	79	1
23	166	4
23	313	3
23	622	3
23	775	1
23	848	1
23	875	1
23	899	1
23	905	5
23	938	4
24	179	2
24	236	2
24	252	4
24	568	3
24	580	4
24	706	2
24	731	3
24	845	1
24	915	2
24	980	2
25	97	3
25	112	3
25	213	4
25	271	3
25	282	3
25	669	3
25	801	3
25	895	3
25	952	3
25	963	3
26	284	1
26	336	4
26	369	1
26	401	1
26	448	5
26	505	3
26	562	1
26	706	2
26	748	2
26	784	1
27	110	3
27	130	4
27	301	3
27	303	4
27	364	3
27	469	2
27	527	2
27	866	5
27	875	1
27	931	2
28	57	4
28	194	5
28	297	2
28	360	2
28	475	4
28	514	3
28	560	2
28	695	1
28	916	2
28	925	1
29	61	3
29	71	2
29	102	4
29	120	3
29	270	3
29	505	2
29	592	2
29	716	4
29	732	2
29	761	1
30	118	1
30	169	2
30	255	5
30	287	2
30	326	3
30	328	1
30	341	4
30	360	1
30	456	1
30	550	1
31	301	1
31	460	2
31	501	1
31	607	1
31	660	1
31	713	4
31	752	1
31	794	1
31	940	1
31	993	1
32	52	1
32	73	1
32	101	1
32	561	1
32	619	1
32	698	1
32	784	2
32	908	1
32	946	3
32	979	1
33	45	2
33	238	3
33	260	3
33	407	2
33	552	3
33	607	1
33	726	1
33	755	2
33	904	4
33	980	3
34	64	3
34	116	3
34	309	3
34	347	2
34	397	2
34	534	3
34	570	2
34	810	2
34	824	3
34	941	2
35	38	2
35	86	3
35	124	3
35	216	1
35	246	3
35	481	1
35	516	3
35	555	3
35	643	2
35	657	2
36	9	2
36	93	4
36	115	2
36	255	1
36	416	1
36	508	4
36	560	2
36	580	1
36	620	1
36	900	1
37	129	1
37	226	2
37	436	1
37	655	1
37	722	1
37	770	1
37	839	1
37	915	1
37	928	1
37	949	2
38	12	4
38	78	5
38	134	3
38	197	1
38	221	1
38	353	2
38	375	1
38	546	1
38	781	3
38	946	4
39	133	3
39	179	1
39	363	1
39	434	1
39	570	3
39	614	2
39	703	2
39	873	2
39	941	1
39	947	1
40	23	1
40	99	2
40	244	2
40	258	1
40	520	3
40	578	1
40	669	1
40	732	1
40	801	1
40	918	2
41	42	2
41	105	1
41	129	1
41	167	1
41	216	2
41	256	1
41	321	1
41	409	2
41	911	1
41	1000	1
42	87	1
42	109	1
42	169	1
42	177	1
42	185	1
42	295	1
42	496	1
42	744	1
42	882	2
42	954	1
43	48	1
43	121	2
43	125	3
43	469	4
43	506	1
43	702	1
43	820	2
43	841	1
43	872	1
43	902	1
44	53	1
44	179	1
44	259	1
44	283	5
44	568	2
44	656	3
44	781	5
44	839	1
44	921	2
44	951	2
45	31	1
45	108	1
45	415	1
45	464	1
45	553	1
45	617	1
45	667	1
45	710	2
45	789	2
45	814	1
46	96	1
46	266	1
46	343	5
46	346	2
46	569	2
46	644	1
46	723	4
46	741	5
46	764	4
46	844	3
47	162	1
47	229	1
47	419	2
47	432	1
47	497	1
47	759	3
47	794	1
47	801	2
47	970	1
47	998	1
48	3	2
48	36	1
48	240	2
48	279	2
48	346	2
48	460	2
48	529	2
48	752	2
48	843	2
48	862	2
49	27	1
49	43	1
49	103	1
49	163	1
49	241	1
49	392	1
49	561	2
49	594	3
49	901	1
49	909	3
50	18	3
50	152	1
50	273	1
50	308	1
50	329	1
50	360	1
50	741	2
50	936	3
50	951	2
50	978	1
51	54	3
51	244	2
51	322	1
51	355	1
51	535	1
51	560	1
51	620	1
51	826	1
51	906	3
51	973	1
52	43	1
52	66	1
52	228	1
52	291	1
52	333	1
52	522	1
52	648	2
52	700	1
52	912	4
52	931	1
53	5	2
53	57	2
53	164	1
53	181	1
53	447	1
53	511	1
53	580	1
53	619	3
53	698	1
53	840	2
54	31	2
54	156	3
54	404	2
54	517	2
54	531	2
54	540	3
54	548	2
54	613	1
54	712	2
54	1000	2
55	99	1
55	195	1
55	251	1
55	292	5
55	623	1
55	630	1
55	689	3
55	773	4
55	838	3
55	911	3
56	91	1
56	219	1
56	222	1
56	322	1
56	481	1
56	528	1
56	534	2
56	754	1
56	863	1
56	904	1
57	60	1
57	331	3
57	465	1
57	570	1
57	650	3
57	709	3
57	718	1
57	735	1
57	752	3
57	923	3
58	19	2
58	76	2
58	159	2
58	393	2
58	546	2
58	606	2
58	692	2
58	799	2
58	844	2
58	974	2
59	101	1
59	405	1
59	439	3
59	462	1
59	476	1
59	741	1
59	772	1
59	792	1
59	823	1
59	941	1
60	43	1
60	209	1
60	329	1
60	468	1
60	568	1
60	595	1
60	644	1
60	745	1
60	810	1
60	951	1
61	14	4
61	119	3
61	194	3
61	206	3
61	463	5
61	806	2
61	809	3
61	821	2
61	882	1
61	979	2
62	22	2
62	44	2
62	98	3
62	192	3
62	226	2
62	237	2
62	536	2
62	799	2
62	804	2
62	882	1
63	95	1
63	159	1
63	196	2
63	206	2
63	341	3
63	474	2
63	561	1
63	665	3
63	785	2
63	849	3
64	67	2
64	292	2
64	460	2
64	572	2
64	576	3
64	626	2
64	716	2
64	913	2
64	939	1
64	948	2
65	64	1
65	147	1
65	276	1
65	331	1
65	525	1
65	587	1
65	656	1
65	710	1
65	951	1
65	959	1
66	139	2
66	262	3
66	269	4
66	421	3
66	461	4
66	620	2
66	775	2
66	809	1
66	831	3
66	846	3
67	186	1
67	244	1
67	435	1
67	537	1
67	627	1
67	839	3
67	862	1
67	867	3
67	904	1
67	910	3
68	132	2
68	153	2
68	222	2
68	303	2
68	318	3
68	451	1
68	499	1
68	538	2
68	642	3
68	887	1
69	210	5
69	256	5
69	320	4
69	324	4
69	534	5
69	547	4
69	621	4
69	829	4
69	925	3
69	952	5
70	44	1
70	433	1
70	529	1
70	594	1
70	764	1
70	789	1
70	929	1
70	933	1
70	960	1
70	967	1
71	248	1
71	258	1
71	316	2
71	529	1
71	580	1
71	717	1
71	780	1
71	886	2
71	961	1
71	985	1
72	63	2
72	68	2
72	92	2
72	116	2
72	166	3
72	311	3
72	455	4
72	668	3
72	701	2
72	844	4
73	72	2
73	203	1
73	304	5
73	505	3
73	602	4
73	606	2
73	828	2
73	835	3
73	860	2
73	891	3
74	15	1
74	48	1
74	98	1
74	168	1
74	232	1
74	246	1
74	400	1
74	533	3
74	835	1
74	891	1
75	98	2
75	201	3
75	269	4
75	296	2
75	337	3
75	378	3
75	410	3
75	511	2
75	862	2
75	863	2
76	18	1
76	194	2
76	211	1
76	239	1
76	323	1
76	473	1
76	495	1
76	598	1
76	614	1
76	915	1
77	59	1
77	153	4
77	233	2
77	430	1
77	457	4
77	465	3
77	774	4
77	819	2
77	926	1
77	927	3
78	22	1
78	137	1
78	170	1
78	257	1
78	265	1
78	267	3
78	396	4
78	623	2
78	717	3
78	834	1
79	381	1
79	436	1
79	516	1
79	532	1
79	591	1
79	613	1
79	731	1
79	807	3
79	881	1
79	935	1
80	235	3
80	279	1
80	291	1
80	419	2
80	441	2
80	485	1
80	503	1
80	524	2
80	809	1
80	945	1
81	166	1
81	303	1
81	341	3
81	348	1
81	490	1
81	542	2
81	683	1
81	829	2
81	910	1
81	985	1
82	83	1
82	94	4
82	216	1
82	266	1
82	273	1
82	448	1
82	638	1
82	662	2
82	756	2
82	798	1
83	30	2
83	98	1
83	156	1
83	281	4
83	444	1
83	470	2
83	582	1
83	707	2
83	727	1
83	862	2
84	1	4
84	36	2
84	61	2
84	136	2
84	228	2
84	656	1
84	664	2
84	719	2
84	774	1
84	843	1
85	62	3
85	159	5
85	354	2
85	396	5
85	407	2
85	415	2
85	461	1
85	662	3
85	898	4
85	999	1
86	166	2
86	216	1
86	243	1
86	269	2
86	273	2
86	405	3
86	564	1
86	626	2
86	875	2
86	952	3
87	100	2
87	218	1
87	275	2
87	400	2
87	428	2
87	666	2
87	746	3
87	852	2
87	867	3
87	913	3
88	51	2
88	105	2
88	127	4
88	219	2
88	368	1
88	373	4
88	397	1
88	512	1
88	847	1
88	994	1
89	183	1
89	219	1
89	227	1
89	285	1
89	449	1
89	588	1
89	686	2
89	700	1
89	766	1
89	841	1
90	124	1
90	181	5
90	223	3
90	559	3
90	608	2
90	631	4
90	645	4
90	688	4
90	689	1
90	913	2
91	82	1
91	137	1
91	406	1
91	415	1
91	434	1
91	479	1
91	575	2
91	595	1
91	737	1
91	766	1
92	50	3
92	301	1
92	312	2
92	472	4
92	552	3
92	558	1
92	590	2
92	603	2
92	814	2
92	841	1
93	97	1
93	151	2
93	153	4
93	349	4
93	386	3
93	486	4
93	585	3
93	657	1
93	735	1
93	993	1
94	1	1
94	48	1
94	92	1
94	110	1
94	174	1
94	253	1
94	320	1
94	354	1
94	594	2
94	733	1
95	97	1
95	107	1
95	153	2
95	178	1
95	273	1
95	319	3
95	460	1
95	586	1
95	655	1
95	967	2
96	21	1
96	74	1
96	203	1
96	430	1
96	503	3
96	516	1
96	703	1
96	764	1
96	971	1
96	986	1
97	34	1
97	71	1
97	144	1
97	391	1
97	431	1
97	515	1
97	527	1
97	563	1
97	763	1
97	825	1
98	92	2
98	96	1
98	207	1
98	422	1
98	441	3
98	521	1
98	582	2
98	752	1
98	788	1
98	805	2
99	202	1
99	325	1
99	475	2
99	597	2
99	600	1
99	610	1
99	693	1
99	709	1
99	818	2
99	873	1
100	34	4
100	260	3
100	271	2
100	304	3
100	377	2
100	530	3
100	612	3
100	761	1
100	795	4
100	874	3
101	42	3
101	340	1
101	354	1
101	387	1
101	489	3
101	637	1
101	699	2
101	759	4
101	775	4
101	846	1
102	128	1
102	314	3
102	466	3
102	525	1
102	604	1
102	637	1
102	651	1
102	669	1
102	676	1
102	894	1
103	42	2
103	120	2
103	274	2
103	276	2
103	376	2
103	394	2
103	433	2
103	473	2
103	800	2
103	934	2
104	18	1
104	28	1
104	44	1
104	469	1
104	509	1
104	573	1
104	574	1
104	661	1
104	662	1
104	989	1
105	27	1
105	346	1
105	391	1
105	471	1
105	701	1
105	769	1
105	797	2
105	886	3
105	896	1
105	999	1
106	110	3
106	232	2
106	398	4
106	482	4
106	550	1
106	758	1
106	790	1
106	793	3
106	815	2
106	969	3
107	55	1
107	59	1
107	166	1
107	170	3
107	208	5
107	297	1
107	485	5
107	793	4
107	889	5
107	906	5
108	142	4
108	181	1
108	222	1
108	226	3
108	233	1
108	346	2
108	491	1
108	521	2
108	808	3
108	867	1
109	71	1
109	154	2
109	172	2
109	193	3
109	645	1
109	646	2
109	695	1
109	780	1
109	908	1
109	946	3
110	183	1
110	243	3
110	549	2
110	599	2
110	644	1
110	669	2
110	712	2
110	900	1
110	952	1
110	994	2
111	214	2
111	436	2
111	469	2
111	489	2
111	524	2
111	566	2
111	613	2
111	721	2
111	844	2
111	867	2
112	306	3
112	366	2
112	371	1
112	379	2
112	385	2
112	635	3
112	877	3
112	911	3
112	939	2
112	962	2
113	19	3
113	87	1
113	181	1
113	209	2
113	256	1
113	372	1
113	383	1
113	637	1
113	727	3
113	806	1
114	118	4
114	161	2
114	318	2
114	352	2
114	457	2
114	483	4
114	817	1
114	888	2
114	921	3
114	954	3
115	25	3
115	26	1
115	95	1
115	149	2
115	217	1
115	305	2
115	465	1
115	491	1
115	539	1
115	847	1
116	17	4
116	54	2
116	204	4
116	312	4
116	531	2
116	618	2
116	714	3
116	844	3
116	915	2
116	945	3
117	8	3
117	154	2
117	239	3
117	262	2
117	340	2
117	367	1
117	537	1
117	693	2
117	728	1
117	775	2
118	173	1
118	203	1
118	249	1
118	333	1
118	445	1
118	695	1
118	718	2
118	767	3
118	963	1
118	979	1
119	97	1
119	213	3
119	298	1
119	376	1
119	449	1
119	619	1
119	633	1
119	773	1
119	781	1
119	961	1
120	13	1
120	207	1
120	231	1
120	276	1
120	310	1
120	351	1
120	773	1
120	899	2
120	981	1
120	999	1
121	33	1
121	97	1
121	176	1
121	327	3
121	362	1
121	379	1
121	471	1
121	495	3
121	872	1
121	881	1
122	16	1
122	136	1
122	255	1
122	370	1
122	386	1
122	464	1
122	740	1
122	780	1
122	893	1
122	959	1
123	133	3
123	142	5
123	312	1
123	314	4
123	431	2
123	452	1
123	505	2
123	766	3
123	781	4
123	802	4
124	21	2
124	88	1
124	211	2
124	662	3
124	689	1
124	741	1
124	840	2
124	912	3
124	921	4
124	977	1
125	73	1
125	295	3
125	367	2
125	422	2
125	431	4
125	581	1
125	630	1
125	822	2
125	926	1
125	999	1
126	116	1
126	182	1
126	184	3
126	349	2
126	354	1
126	478	1
126	743	1
126	779	1
126	834	1
126	914	1
127	260	1
127	410	4
127	479	1
127	744	4
127	765	2
127	789	2
127	866	1
127	903	1
127	904	1
127	942	3
128	57	1
128	74	1
128	109	1
128	139	1
128	343	1
128	468	4
128	836	1
128	844	1
128	923	3
128	979	3
129	56	2
129	253	4
129	307	5
129	381	2
129	471	4
129	594	1
129	756	5
129	837	5
129	919	2
129	977	1
130	305	2
130	322	1
130	338	4
130	479	1
130	522	3
130	631	2
130	781	4
130	793	4
130	824	1
130	917	4
131	29	3
131	382	3
131	395	3
131	439	2
131	440	2
131	594	3
131	680	2
131	767	3
131	788	2
131	912	3
132	13	1
132	20	1
132	48	1
132	230	1
132	425	1
132	607	5
132	676	1
132	808	1
132	980	1
132	985	1
133	84	1
133	149	4
133	184	3
133	202	2
133	420	1
133	437	1
133	578	3
133	711	3
133	980	1
133	991	1
134	41	3
134	66	5
134	124	3
134	585	2
134	687	3
134	710	4
134	773	5
134	869	3
134	897	2
134	902	3
135	22	1
135	132	1
135	191	1
135	235	1
135	241	1
135	358	2
135	379	1
135	656	2
135	809	1
135	856	1
136	104	1
136	160	1
136	467	1
136	485	1
136	670	1
136	722	1
136	724	1
136	754	1
136	952	1
136	994	1
137	14	2
137	76	1
137	123	2
137	347	3
137	543	1
137	589	1
137	607	1
137	656	1
137	729	1
137	754	2
138	106	3
138	114	3
138	342	1
138	439	1
138	447	1
138	484	4
138	639	4
138	795	3
138	954	1
138	977	3
139	116	3
139	178	3
139	231	2
139	270	3
139	420	2
139	474	3
139	510	3
139	639	3
139	883	3
139	935	3
140	99	1
140	101	1
140	135	1
140	161	1
140	170	1
140	176	1
140	333	1
140	596	1
140	610	1
140	769	1
141	3	3
141	66	4
141	164	5
141	334	4
141	501	4
141	589	5
141	618	4
141	621	2
141	762	4
141	990	4
142	85	3
142	105	2
142	117	2
142	271	2
142	343	2
142	347	3
142	424	2
142	457	2
142	690	2
142	810	4
143	3	2
143	120	1
143	156	1
143	206	1
143	257	1
143	290	1
143	537	1
143	580	1
143	747	1
143	899	2
144	101	1
144	120	3
144	185	3
144	274	2
144	310	3
144	398	1
144	590	1
144	645	3
144	656	3
144	873	2
145	108	4
145	331	4
145	355	3
145	489	2
145	521	2
145	535	3
145	883	5
145	885	5
145	928	4
145	985	3
146	117	3
146	207	3
146	227	2
146	308	1
146	367	3
146	524	3
146	756	2
146	795	4
146	833	3
146	973	2
147	37	1
147	59	1
147	157	1
147	171	1
147	198	1
147	215	1
147	410	1
147	649	1
147	764	1
147	792	1
148	49	1
148	62	1
148	93	3
148	103	1
148	233	3
148	266	1
148	441	4
148	804	3
148	825	1
148	989	3
149	61	3
149	206	3
149	259	1
149	282	3
149	407	3
149	517	3
149	617	3
149	819	3
149	897	3
149	994	3
150	504	3
150	517	3
150	553	2
150	565	3
150	575	3
150	654	2
150	734	2
150	751	3
150	755	2
150	955	2
151	268	2
151	438	1
151	670	1
151	752	4
151	772	1
151	817	1
151	825	1
151	904	3
151	917	2
151	984	1
152	75	1
152	89	1
152	118	3
152	155	2
152	259	1
152	408	2
152	732	1
152	901	1
152	952	2
152	979	1
153	71	1
153	168	1
153	169	1
153	170	1
153	238	1
153	502	1
153	583	1
153	628	1
153	723	1
153	759	1
154	83	1
154	236	1
154	296	1
154	306	1
154	373	2
154	525	1
154	570	1
154	709	1
154	889	2
154	892	1
155	40	1
155	69	1
155	495	1
155	545	1
155	605	1
155	646	1
155	694	2
155	728	1
155	733	2
155	750	1
156	210	2
156	219	3
156	314	1
156	544	2
156	688	3
156	707	1
156	727	1
156	891	1
156	952	2
156	983	1
157	179	3
157	204	1
157	307	1
157	506	1
157	521	1
157	587	1
157	727	1
157	763	1
157	793	2
157	816	1
158	75	1
158	223	1
158	263	1
158	293	1
158	317	1
158	417	1
158	450	1
158	459	1
158	493	1
158	602	1
159	1	3
159	53	4
159	255	4
159	366	2
159	372	2
159	441	2
159	687	2
159	774	4
159	965	3
159	973	2
160	58	1
160	63	1
160	176	1
160	349	1
160	490	1
160	557	1
160	609	1
160	702	1
160	899	4
160	934	1
161	101	1
161	140	1
161	179	1
161	194	1
161	217	1
161	220	1
161	294	1
161	583	1
161	621	1
161	811	1
162	113	2
162	176	1
162	232	2
162	237	1
162	443	2
162	720	2
162	775	1
162	807	1
162	840	1
162	906	1
163	303	1
163	455	1
163	543	1
163	663	2
163	702	1
163	783	1
163	799	1
163	824	1
163	844	1
163	912	3
164	80	1
164	98	1
164	377	1
164	569	1
164	617	1
164	658	1
164	674	1
164	693	1
164	828	1
164	840	1
165	140	3
165	388	4
165	424	2
165	534	3
165	597	3
165	733	2
165	746	1
165	791	2
165	879	1
165	963	1
166	82	3
166	207	1
166	252	1
166	330	1
166	397	1
166	424	1
166	448	1
166	591	1
166	728	1
166	805	1
167	27	1
167	103	2
167	190	2
167	376	1
167	379	1
167	484	1
167	603	4
167	615	2
167	671	1
167	908	2
168	64	3
168	230	1
168	232	1
168	284	2
168	291	1
168	363	1
168	680	3
168	775	2
168	927	3
168	951	2
169	108	1
169	290	1
169	335	1
169	354	2
169	372	1
169	540	2
169	563	2
169	726	1
169	898	1
169	967	2
170	53	1
170	94	1
170	100	1
170	394	5
170	533	1
170	581	5
170	774	1
170	908	1
170	947	1
170	957	1
171	14	2
171	33	1
171	183	1
171	188	1
171	276	5
171	436	3
171	458	1
171	666	1
171	712	1
171	745	1
172	92	1
172	128	1
172	364	1
172	511	1
172	732	1
172	747	1
172	810	1
172	860	1
172	888	1
172	981	1
173	186	2
173	474	2
173	548	2
173	709	1
173	771	1
173	786	1
173	800	1
173	839	3
173	889	2
173	992	3
174	101	1
174	123	3
174	223	1
174	255	2
174	336	1
174	437	1
174	589	3
174	600	1
174	683	1
174	749	1
175	146	1
175	171	1
175	217	1
175	336	1
175	424	2
175	481	1
175	502	1
175	669	1
175	819	3
175	836	1
176	202	1
176	237	1
176	331	1
176	375	1
176	392	1
176	565	1
176	770	1
176	843	1
176	978	1
176	983	1
177	56	2
177	79	1
177	353	3
177	418	1
177	673	1
177	784	3
177	806	2
177	868	3
177	898	1
177	913	1
178	56	3
178	81	1
178	450	1
178	515	1
178	550	1
178	554	1
178	577	1
178	617	1
178	670	1
178	882	2
179	64	1
179	308	1
179	370	2
179	404	1
179	533	1
179	603	2
179	616	2
179	702	1
179	767	1
179	803	1
180	157	1
180	175	1
180	256	1
180	302	1
180	488	1
180	584	1
180	629	2
180	677	3
180	752	2
180	931	1
181	204	1
181	245	1
181	262	1
181	282	3
181	357	1
181	376	1
181	395	2
181	513	1
181	748	2
181	879	1
182	96	1
182	213	1
182	282	1
182	316	1
182	469	1
182	661	1
182	817	1
182	859	1
182	936	1
182	963	1
183	24	2
183	78	1
183	237	2
183	349	2
183	415	3
183	535	1
183	657	2
183	769	2
183	957	3
183	991	1
184	226	1
184	336	1
184	396	2
184	399	2
184	403	1
184	494	2
184	552	2
184	686	2
184	687	2
184	984	2
185	215	1
185	248	1
185	351	5
185	617	1
185	634	1
185	644	1
185	839	1
185	915	5
185	989	5
185	997	5
186	41	1
186	161	1
186	225	1
186	267	1
186	320	1
186	345	1
186	501	5
186	516	1
186	635	1
186	641	1
187	38	1
187	189	1
187	250	1
187	383	1
187	474	5
187	583	1
187	590	1
187	715	1
187	951	1
187	996	5
188	187	3
188	270	1
188	424	1
188	476	2
188	515	2
188	719	2
188	738	1
188	775	3
188	818	4
188	908	2
189	225	2
189	329	3
189	442	2
189	453	1
189	575	2
189	603	2
189	657	4
189	816	2
189	879	2
189	880	3
190	92	2
190	107	2
190	203	3
190	224	3
190	411	2
190	436	3
190	505	2
190	509	2
190	739	3
190	947	1
191	17	4
191	216	2
191	305	2
191	397	3
191	453	4
191	472	4
191	632	3
191	685	4
191	819	3
191	937	4
192	101	1
192	104	3
192	199	3
192	289	1
192	400	4
192	550	2
192	715	3
192	737	3
192	926	1
192	977	3
193	54	1
193	258	1
193	269	2
193	371	1
193	446	1
193	682	2
193	697	1
193	769	3
193	949	1
193	953	1
194	75	2
194	92	2
194	111	4
194	136	1
194	198	1
194	342	1
194	634	2
194	763	1
194	811	2
194	844	3
195	125	2
195	334	2
195	352	1
195	366	1
195	367	2
195	559	1
195	658	1
195	899	3
195	917	2
195	999	1
196	3	1
196	24	1
196	105	1
196	163	1
196	214	1
196	330	1
196	376	5
196	390	1
196	699	1
196	844	1
197	43	1
197	80	1
197	128	1
197	249	1
197	345	2
197	382	2
197	436	3
197	454	1
197	562	1
197	705	3
198	35	2
198	55	2
198	232	1
198	269	2
198	322	2
198	372	1
198	467	2
198	767	2
198	799	2
198	831	1
199	244	2
199	371	2
199	436	2
199	448	1
199	497	1
199	540	1
199	593	1
199	659	1
199	752	2
199	914	1
200	19	1
200	175	1
200	351	3
200	373	1
200	375	1
200	399	4
200	690	3
200	817	1
200	832	2
200	898	3
201	70	4
201	140	3
201	205	3
201	270	3
201	391	1
201	429	1
201	445	1
201	621	2
201	874	4
201	966	1
202	9	1
202	270	1
202	344	2
202	392	2
202	421	1
202	607	1
202	688	1
202	773	2
202	862	1
202	943	2
203	127	1
203	176	1
203	251	1
203	321	1
203	381	1
203	460	1
203	569	1
203	795	1
203	840	1
203	994	1
204	60	1
204	80	1
204	138	1
204	225	1
204	242	1
204	340	1
204	424	1
204	579	1
204	646	1
204	674	1
205	86	3
205	99	1
205	107	1
205	277	1
205	305	1
205	317	1
205	478	1
205	640	1
205	721	1
205	881	1
206	33	2
206	304	1
206	318	2
206	359	2
206	495	1
206	685	2
206	687	2
206	740	2
206	782	2
206	785	2
207	95	1
207	112	1
207	157	1
207	216	1
207	266	1
207	338	1
207	419	1
207	443	1
207	564	1
207	748	2
208	19	3
208	27	1
208	243	3
208	360	4
208	570	1
208	601	2
208	903	2
208	927	1
208	963	4
208	988	3
209	61	2
209	115	5
209	270	3
209	288	1
209	301	3
209	306	3
209	414	2
209	769	1
209	773	4
209	842	3
210	153	3
210	355	2
210	472	2
210	598	2
210	610	2
210	631	2
210	736	2
210	858	2
210	930	2
210	964	2
211	11	4
211	67	1
211	107	1
211	116	1
211	363	1
211	447	1
211	681	1
211	683	2
211	758	1
211	953	1
212	17	4
212	142	3
212	143	2
212	293	1
212	330	2
212	411	2
212	716	2
212	728	2
212	837	4
212	984	2
213	123	4
213	157	2
213	217	1
213	247	2
213	259	1
213	365	1
213	599	2
213	636	5
213	642	3
213	673	2
214	21	4
214	37	5
214	225	1
214	335	2
214	513	3
214	658	2
214	671	4
214	682	1
214	731	2
214	796	1
215	40	1
215	84	1
215	93	1
215	237	3
215	290	2
215	477	1
215	738	1
215	765	1
215	965	3
215	977	1
216	144	1
216	346	1
216	416	3
216	505	3
216	542	1
216	638	1
216	783	1
216	849	1
216	980	1
216	992	1
217	110	2
217	130	3
217	212	2
217	270	2
217	303	2
217	344	3
217	647	2
217	713	1
217	885	4
217	902	3
218	20	1
218	99	1
218	236	2
218	262	1
218	435	1
218	463	1
218	484	1
218	773	1
218	804	1
218	923	1
219	87	1
219	179	1
219	191	1
219	236	1
219	247	1
219	295	1
219	707	1
219	891	1
219	962	1
219	988	1
220	64	1
220	193	1
220	273	1
220	389	1
220	623	2
220	627	1
220	707	1
220	866	2
220	868	2
220	945	2
221	4	1
221	119	5
221	136	1
221	182	1
221	437	1
221	561	1
221	648	1
221	670	1
221	794	1
221	858	2
222	77	1
222	479	1
222	543	1
222	556	1
222	621	1
222	646	1
222	729	1
222	740	1
222	915	1
222	916	1
223	72	1
223	215	2
223	282	1
223	303	3
223	339	1
223	420	2
223	619	1
223	805	1
223	832	1
223	956	1
224	13	1
224	52	1
224	140	2
224	268	2
224	332	1
224	400	2
224	411	1
224	720	1
224	901	2
224	918	1
225	51	1
225	211	1
225	218	1
225	479	2
225	511	1
225	518	1
225	519	1
225	633	2
225	933	1
225	936	2
226	195	1
226	204	1
226	329	1
226	372	1
226	374	1
226	406	1
226	441	1
226	619	1
226	696	1
226	947	1
227	8	3
227	184	1
227	234	1
227	314	1
227	485	2
227	495	3
227	534	2
227	702	2
227	706	4
227	841	1
228	34	1
228	290	1
228	411	1
228	614	1
228	758	1
228	844	1
228	878	1
228	926	1
228	976	1
228	978	1
229	10	1
229	148	3
229	214	1
229	424	2
229	479	4
229	584	1
229	589	1
229	777	1
229	836	3
229	961	1
230	161	2
230	334	2
230	392	3
230	483	4
230	638	4
230	653	2
230	767	1
230	876	2
230	897	2
230	926	1
231	29	1
231	33	1
231	187	3
231	315	1
231	368	1
231	433	1
231	590	1
231	712	1
231	762	2
231	892	1
232	46	1
232	74	1
232	166	2
232	475	1
232	507	1
232	793	1
232	878	1
232	906	1
232	952	1
232	960	1
233	41	1
233	55	1
233	118	1
233	132	2
233	150	5
233	254	5
233	306	1
233	321	1
233	748	2
233	794	1
234	7	2
234	213	1
234	288	2
234	325	2
234	333	1
234	487	3
234	525	3
234	540	1
234	787	3
234	844	2
235	371	1
235	415	3
235	423	1
235	455	1
235	698	3
235	704	1
235	795	4
235	796	1
235	797	4
235	965	4
236	80	1
236	252	4
236	662	2
236	708	3
236	780	3
236	804	1
236	815	1
236	944	4
236	963	1
236	975	2
237	20	3
237	90	3
237	215	1
237	262	3
237	314	1
237	337	1
237	426	2
237	658	2
237	807	2
237	933	1
238	142	3
238	145	2
238	147	2
238	183	2
238	312	3
238	591	4
238	741	2
238	804	2
238	808	2
238	889	2
239	81	1
239	144	1
239	191	1
239	239	1
239	342	1
239	382	1
239	471	1
239	479	1
239	579	1
239	679	1
240	95	5
240	152	5
240	327	5
240	336	5
240	441	5
240	447	5
240	587	5
240	599	5
240	860	5
240	895	5
241	58	3
241	159	2
241	254	2
241	255	2
241	362	1
241	597	3
241	623	2
241	763	2
241	913	1
241	950	2
242	259	3
242	310	2
242	346	2
242	347	1
242	415	4
242	549	2
242	615	2
242	808	3
242	854	3
242	959	2
243	21	2
243	102	3
243	147	3
243	205	3
243	315	3
243	392	4
243	523	5
243	666	2
243	676	2
243	930	1
244	20	2
244	98	3
244	258	1
244	350	3
244	454	2
244	547	2
244	693	1
244	903	2
244	951	4
244	979	1
245	251	1
245	374	1
245	405	2
245	482	2
245	537	1
245	637	2
245	666	2
245	671	3
245	793	1
245	816	1
246	466	3
246	494	1
246	516	2
246	616	4
246	644	1
246	669	4
246	763	4
246	782	2
246	905	5
246	921	2
247	9	1
247	391	1
247	414	1
247	539	1
247	575	1
247	604	2
247	809	1
247	866	1
247	946	1
247	994	3
248	218	3
248	267	2
248	351	3
248	428	2
248	498	4
248	640	2
248	696	2
248	704	2
248	935	1
248	983	2
249	3	3
249	100	1
249	219	3
249	256	3
249	260	2
249	377	1
249	526	2
249	704	1
249	843	4
249	925	1
250	206	2
250	238	2
250	278	1
250	433	3
250	621	3
250	672	2
250	736	1
250	770	2
250	922	3
250	992	3
251	29	1
251	30	2
251	94	4
251	176	1
251	297	1
251	510	1
251	524	1
251	557	1
251	642	2
251	765	1
252	82	1
252	84	1
252	120	1
252	367	1
252	544	1
252	632	1
252	680	1
252	738	2
252	831	1
252	937	1
253	22	2
253	136	1
253	149	1
253	297	1
253	438	1
253	454	1
253	519	1
253	848	1
253	890	2
253	917	3
254	305	2
254	318	2
254	431	1
254	453	1
254	481	2
254	512	1
254	562	4
254	587	3
254	751	1
254	914	2
255	132	1
255	324	1
255	494	1
255	613	2
255	627	1
255	655	1
255	664	1
255	694	2
255	875	1
255	950	1
256	110	1
256	208	2
256	321	1
256	325	3
256	485	1
256	503	2
256	511	1
256	668	1
256	912	2
256	959	1
257	42	3
257	56	3
257	279	2
257	325	4
257	391	1
257	432	4
257	496	5
257	547	2
257	939	1
257	999	3
258	96	1
258	146	1
258	321	4
258	376	1
258	479	1
258	525	2
258	704	1
258	723	4
258	844	1
258	918	2
259	72	1
259	160	1
259	324	2
259	363	1
259	392	1
259	590	1
259	784	1
259	785	1
259	955	1
259	993	1
260	224	2
260	330	2
260	434	1
260	655	5
260	673	2
260	737	1
260	759	2
260	801	2
260	839	2
260	860	2
261	153	4
261	306	1
261	404	1
261	524	1
261	529	1
261	544	1
261	680	1
261	725	1
261	765	1
261	813	1
262	21	3
262	252	5
262	376	3
262	425	2
262	460	2
262	784	2
262	844	2
262	872	2
262	896	3
262	901	2
263	18	1
263	256	1
263	322	1
263	331	1
263	332	1
263	465	1
263	485	1
263	516	1
263	694	1
263	994	1
264	164	3
264	232	1
264	380	1
264	433	2
264	446	3
264	459	2
264	682	1
264	715	3
264	849	1
264	920	1
265	31	2
265	199	1
265	302	1
265	345	2
265	389	1
265	484	1
265	550	1
265	558	1
265	720	2
265	776	1
266	105	2
266	119	4
266	148	2
266	282	3
266	345	2
266	418	2
266	574	3
266	739	3
266	746	2
266	974	3
267	15	1
267	75	1
267	242	2
267	246	3
267	471	2
267	479	2
267	602	1
267	633	1
267	938	1
267	952	1
268	144	1
268	176	3
268	328	1
268	364	2
268	478	1
268	617	1
268	640	1
268	735	1
268	736	1
268	907	1
269	94	2
269	335	2
269	359	1
269	464	3
269	632	3
269	648	3
269	819	2
269	824	3
269	833	3
269	945	4
270	35	1
270	115	1
270	158	1
270	247	1
270	348	1
270	546	2
270	554	1
270	612	1
270	694	3
270	894	1
271	1	3
271	213	2
271	297	3
271	355	2
271	496	5
271	527	1
271	652	3
271	754	4
271	756	4
271	999	5
272	71	3
272	113	1
272	115	3
272	249	2
272	364	2
272	374	2
272	723	4
272	807	1
272	867	4
272	905	2
273	181	1
273	336	1
273	593	1
273	761	1
273	836	1
273	837	1
273	859	3
273	867	1
273	896	5
273	970	4
274	116	2
274	157	1
274	296	1
274	375	3
274	385	1
274	518	3
274	523	3
274	602	1
274	657	2
274	834	2
275	137	1
275	244	1
275	338	1
275	352	1
275	443	1
275	510	1
275	538	1
275	669	1
275	956	1
275	990	1
276	90	1
276	107	1
276	169	1
276	628	1
276	683	1
276	729	1
276	738	3
276	768	1
276	782	1
276	920	1
277	41	2
277	176	1
277	302	1
277	362	1
277	398	2
277	525	1
277	605	1
277	669	1
277	853	3
277	874	1
278	43	1
278	59	1
278	61	1
278	87	1
278	92	1
278	115	1
278	423	1
278	547	1
278	708	1
278	843	1
279	1	4
279	325	2
279	352	3
279	452	2
279	571	2
279	577	4
279	594	3
279	668	4
279	737	2
279	849	3
280	155	1
280	448	3
280	479	1
280	518	3
280	540	5
280	578	1
280	683	1
280	750	1
280	949	1
280	968	2
281	196	3
281	267	1
281	303	1
281	327	1
281	339	1
281	587	1
281	672	2
281	702	1
281	770	1
281	931	1
282	126	1
282	174	2
282	301	1
282	384	2
282	499	2
282	590	1
282	725	1
282	740	2
282	845	2
282	896	3
283	71	1
283	330	1
283	337	1
283	417	1
283	482	1
283	704	1
283	823	1
283	851	1
283	908	1
283	996	1
284	253	4
284	325	2
284	331	1
284	373	3
284	411	1
284	564	1
284	595	2
284	798	1
284	959	1
284	965	1
285	8	2
285	146	3
285	148	2
285	204	1
285	235	4
285	415	1
285	469	2
285	642	1
285	732	1
285	777	1
286	209	1
286	278	1
286	423	1
286	452	1
286	565	1
286	649	5
286	685	1
286	713	1
286	805	1
286	807	1
287	285	1
287	342	5
287	556	1
287	577	1
287	602	1
287	696	1
287	742	1
287	765	1
287	888	5
287	993	1
288	94	1
288	284	1
288	422	1
288	545	1
288	562	1
288	625	1
288	671	1
288	674	1
288	890	1
288	920	1
289	84	4
289	301	3
289	303	4
289	385	3
289	468	2
289	578	1
289	726	2
289	780	2
289	901	2
289	968	3
290	71	1
290	189	4
290	250	1
290	256	1
290	332	1
290	354	3
290	381	1
290	465	1
290	832	1
290	943	4
291	44	2
291	153	3
291	224	5
291	281	2
291	436	3
291	458	3
291	464	2
291	668	4
291	686	2
291	933	1
292	83	1
292	101	1
292	207	1
292	323	1
292	325	1
292	369	1
292	478	1
292	623	1
292	695	1
292	696	1
293	29	2
293	133	1
293	227	1
293	301	1
293	359	2
293	381	1
293	568	2
293	673	3
293	679	1
293	762	1
294	86	3
294	146	2
294	176	1
294	228	1
294	249	1
294	400	2
294	411	1
294	490	1
294	844	1
294	862	1
295	114	1
295	233	1
295	358	1
295	427	1
295	554	1
295	570	1
295	645	1
295	646	1
295	684	1
295	753	1
296	39	2
296	61	2
296	187	4
296	195	2
296	341	2
296	835	3
296	870	1
296	932	2
296	971	1
296	988	2
297	203	1
297	258	1
297	326	1
297	394	1
297	427	1
297	540	1
297	762	1
297	860	1
297	930	1
297	938	1
298	8	4
298	232	1
298	320	4
298	382	1
298	403	2
298	649	3
298	781	2
298	832	2
298	893	2
298	955	2
299	29	2
299	435	1
299	597	2
299	617	1
299	646	2
299	685	2
299	692	2
299	865	1
299	897	1
299	985	2
300	11	1
300	28	1
300	158	1
300	160	1
300	176	1
300	409	1
300	423	1
300	550	1
300	679	1
300	865	1
301	178	1
301	259	1
301	274	5
301	398	1
301	452	1
301	536	1
301	647	5
301	788	1
301	910	5
301	943	3
302	62	3
302	118	1
302	314	2
302	381	2
302	394	2
302	446	2
302	764	3
302	838	2
302	952	3
302	981	2
303	116	2
303	288	2
303	440	2
303	474	2
303	595	2
303	665	2
303	781	2
303	853	2
303	882	1
303	989	1
304	52	1
304	100	1
304	316	1
304	426	1
304	496	1
304	541	1
304	544	1
304	655	1
304	885	3
304	909	3
305	87	1
305	91	1
305	251	1
305	272	1
305	355	1
305	428	2
305	652	3
305	719	1
305	781	1
305	847	2
306	141	2
306	171	2
306	191	1
306	345	2
306	494	1
306	545	2
306	552	1
306	564	3
306	826	1
306	915	1
307	149	2
307	223	1
307	296	2
307	377	3
307	673	2
307	763	3
307	822	1
307	842	1
307	906	1
307	961	1
308	41	1
308	107	1
308	327	1
308	416	1
308	506	1
308	571	3
308	624	1
308	821	1
308	970	2
308	986	1
309	30	1
309	93	5
309	100	1
309	145	1
309	159	1
309	440	1
309	654	1
309	943	1
309	983	1
309	984	1
310	284	3
310	434	3
310	473	2
310	474	4
310	570	1
310	616	2
310	863	3
310	939	3
310	956	2
310	987	3
311	108	3
311	359	1
311	383	4
311	423	1
311	578	1
311	620	2
311	676	1
311	925	1
311	949	2
311	955	1
312	150	1
312	246	1
312	298	1
312	423	1
312	498	1
312	530	1
312	576	1
312	720	1
312	866	1
312	961	1
313	37	1
313	78	4
313	250	1
313	336	5
313	471	1
313	491	1
313	582	1
313	632	1
313	915	1
313	935	1
314	43	4
314	74	2
314	88	3
314	164	2
314	241	2
314	418	1
314	610	2
314	663	3
314	678	2
314	823	3
315	269	1
315	338	1
315	371	1
315	434	1
315	637	1
315	699	2
315	908	1
315	927	1
315	929	1
315	1000	1
316	24	1
316	29	1
316	94	4
316	126	1
316	145	1
316	285	1
316	422	2
316	584	1
316	612	2
316	895	2
317	57	1
317	69	1
317	249	1
317	309	3
317	473	1
317	533	1
317	560	1
317	636	3
317	792	3
317	878	1
318	86	2
318	146	5
318	242	1
318	352	2
318	422	2
318	547	4
318	780	3
318	782	3
318	955	2
318	956	4
319	49	2
319	102	2
319	143	3
319	273	1
319	421	1
319	599	2
319	682	1
319	701	1
319	744	5
319	917	1
320	32	4
320	117	3
320	163	1
320	228	2
320	237	3
320	247	3
320	256	4
320	470	1
320	905	2
320	916	3
321	155	2
321	164	2
321	215	2
321	218	2
321	233	2
321	302	2
321	492	2
321	748	2
321	774	2
321	826	2
322	15	1
322	22	2
322	54	5
322	147	5
322	234	4
322	520	1
322	553	1
322	688	2
322	791	3
322	802	3
323	12	1
323	105	1
323	235	1
323	357	1
323	372	1
323	483	1
323	675	1
323	676	4
323	742	1
323	902	1
324	22	1
324	57	1
324	217	1
324	260	1
324	625	1
324	657	2
324	752	2
324	822	1
324	836	1
324	941	1
325	100	2
325	152	3
325	231	1
325	277	1
325	288	3
325	405	4
325	480	2
325	483	1
325	554	4
325	924	1
326	82	1
326	186	1
326	274	1
326	291	1
326	534	1
326	667	1
326	674	1
326	690	1
326	757	2
326	976	1
327	53	1
327	214	1
327	417	1
327	475	1
327	479	1
327	499	1
327	644	1
327	666	1
327	800	1
327	943	1
328	129	1
328	343	1
328	481	1
328	496	1
328	544	1
328	565	1
328	580	1
328	647	1
328	932	1
328	953	1
329	52	2
329	53	1
329	159	1
329	170	2
329	228	2
329	669	2
329	839	2
329	854	1
329	902	2
329	992	3
330	201	4
330	296	2
330	316	4
330	482	5
330	510	2
330	514	1
330	576	4
330	595	4
330	884	5
330	887	2
331	101	2
331	111	2
331	437	2
331	628	2
331	720	3
331	805	2
331	823	2
331	834	2
331	878	2
331	967	2
332	444	2
332	525	2
332	576	3
332	581	2
332	630	2
332	717	3
332	842	2
332	866	3
332	909	2
332	925	1
333	85	1
333	140	1
333	153	4
333	208	1
333	427	1
333	454	1
333	623	1
333	630	1
333	917	1
333	991	1
334	20	1
334	226	1
334	242	2
334	245	3
334	301	2
334	323	2
334	338	2
334	344	1
334	900	1
334	933	1
335	79	2
335	115	3
335	142	2
335	298	2
335	302	1
335	400	2
335	516	3
335	756	2
335	829	3
335	839	2
336	3	5
336	21	1
336	77	1
336	348	1
336	494	1
336	516	1
336	535	1
336	810	1
336	827	1
336	835	4
337	132	1
337	134	3
337	283	2
337	531	2
337	536	4
337	691	1
337	707	1
337	711	3
337	774	4
337	968	3
338	44	1
338	70	3
338	331	1
338	455	3
338	527	1
338	535	2
338	611	1
338	636	1
338	826	3
338	876	2
339	85	3
339	246	1
339	302	1
339	329	1
339	416	1
339	505	1
339	739	1
339	914	1
339	927	1
339	980	1
340	118	2
340	248	2
340	271	2
340	327	3
340	497	2
340	577	2
340	686	2
340	752	4
340	805	3
340	894	2
341	114	1
341	364	2
341	369	1
341	444	1
341	484	1
341	541	1
341	567	1
341	575	1
341	797	1
341	904	1
342	11	2
342	247	2
342	315	3
342	355	2
342	618	5
342	664	1
342	864	1
342	871	1
342	961	2
342	992	3
343	95	1
343	100	1
343	207	1
343	301	1
343	386	2
343	629	1
343	673	1
343	903	1
343	944	2
343	953	1
344	36	5
344	116	3
344	239	3
344	248	1
344	335	4
344	604	1
344	645	3
344	655	1
344	732	1
344	809	3
345	69	5
345	281	3
345	326	1
345	445	3
345	508	3
345	531	1
345	655	3
345	730	1
345	916	3
345	933	1
346	9	1
346	41	1
346	117	2
346	169	1
346	193	1
346	196	2
346	303	1
346	389	1
346	630	1
346	832	1
347	64	1
347	68	1
347	181	1
347	339	1
347	560	1
347	563	1
347	657	2
347	753	1
347	842	1
347	950	3
348	56	1
348	135	1
348	314	1
348	348	1
348	534	1
348	566	1
348	822	1
348	900	1
348	941	1
348	988	1
349	19	1
349	33	1
349	213	1
349	380	1
349	397	1
349	601	2
349	610	1
349	817	1
349	869	1
349	979	3
350	33	3
350	161	2
350	253	1
350	390	1
350	525	1
350	550	1
350	568	1
350	663	1
350	677	1
350	793	1
351	79	3
351	118	1
351	345	4
351	456	2
351	465	1
351	549	1
351	582	2
351	744	3
351	752	1
351	833	3
352	209	1
352	292	2
352	318	1
352	408	1
352	415	1
352	475	1
352	501	1
352	640	1
352	772	5
352	997	1
353	208	2
353	299	2
353	361	1
353	455	1
353	510	1
353	604	2
353	725	1
353	874	1
353	887	1
353	964	5
354	98	3
354	239	3
354	271	3
354	309	1
354	331	3
354	434	3
354	575	3
354	756	3
354	782	3
354	966	3
355	81	1
355	117	1
355	138	3
355	175	2
355	271	2
355	311	2
355	683	3
355	809	1
355	913	1
355	976	2
356	263	1
356	268	1
356	438	1
356	544	1
356	566	1
356	681	1
356	769	1
356	910	1
356	934	1
356	950	1
357	186	1
357	249	1
357	326	1
357	392	1
357	449	3
357	610	1
357	645	1
357	647	1
357	732	1
357	762	3
358	110	3
358	175	3
358	245	4
358	309	3
358	397	3
358	489	4
358	515	4
358	542	4
358	816	4
358	988	3
359	33	1
359	261	1
359	302	1
359	478	1
359	526	1
359	555	1
359	712	1
359	716	1
359	783	1
359	965	1
360	110	3
360	182	1
360	209	1
360	251	1
360	331	1
360	444	1
360	536	1
360	646	1
360	714	1
360	971	1
361	27	1
361	28	1
361	68	1
361	154	1
361	168	1
361	424	1
361	614	1
361	729	1
361	856	1
361	969	1
362	306	3
362	362	1
362	391	3
362	520	5
362	523	1
362	649	2
362	692	1
362	758	3
362	783	1
362	804	3
363	86	2
363	162	1
363	189	1
363	313	1
363	403	1
363	555	1
363	575	1
363	584	1
363	876	1
363	940	1
364	186	3
364	295	1
364	385	1
364	518	1
364	533	1
364	563	2
364	648	1
364	746	1
364	811	2
364	961	1
365	16	1
365	105	2
365	155	1
365	232	1
365	233	1
365	318	3
365	397	2
365	600	1
365	708	1
365	756	2
366	49	2
366	52	3
366	183	1
366	188	1
366	438	2
366	541	1
366	571	4
366	606	2
366	653	2
366	834	1
367	189	1
367	342	3
367	442	1
367	457	2
367	481	1
367	502	1
367	540	1
367	697	1
367	868	1
367	948	1
368	275	1
368	307	2
368	412	4
368	516	4
368	574	2
368	656	2
368	777	1
368	870	2
368	934	1
368	968	1
369	137	1
369	162	1
369	188	1
369	248	1
369	540	1
369	649	1
369	748	2
369	883	1
369	935	1
369	973	1
370	15	1
370	80	1
370	92	1
370	154	2
370	242	1
370	515	1
370	533	1
370	747	1
370	930	1
370	954	1
371	13	4
371	189	1
371	291	2
371	300	2
371	580	3
371	711	3
371	718	3
371	843	5
371	936	2
371	965	3
372	30	2
372	265	2
372	377	2
372	395	4
372	532	2
372	588	3
372	630	2
372	657	2
372	813	3
372	996	2
373	163	3
373	281	3
373	315	3
373	345	3
373	412	3
373	598	1
373	653	3
373	696	4
373	739	1
373	974	2
374	48	1
374	186	4
374	291	1
374	310	3
374	363	4
374	365	1
374	422	2
374	528	1
374	826	2
374	933	2
375	206	2
375	244	1
375	447	1
375	505	1
375	513	1
375	624	1
375	631	1
375	691	1
375	704	1
375	891	1
376	218	3
376	303	1
376	577	1
376	712	3
376	741	1
376	760	3
376	770	2
376	817	2
376	842	2
376	931	4
377	136	1
377	167	1
377	252	1
377	365	1
377	486	1
377	535	1
377	665	1
377	726	1
377	760	1
377	882	1
378	26	1
378	80	2
378	101	3
378	134	2
378	170	3
378	273	1
378	399	4
378	798	2
378	801	3
378	982	2
379	64	2
379	95	1
379	211	1
379	291	1
379	454	1
379	610	1
379	692	1
379	828	1
379	908	1
379	934	1
380	211	1
380	244	1
380	260	1
380	357	1
380	369	1
380	397	1
380	605	1
380	783	1
380	863	1
380	886	1
381	19	1
381	35	2
381	161	3
381	274	1
381	328	1
381	406	1
381	644	1
381	737	1
381	800	1
381	804	1
382	130	3
382	310	1
382	438	1
382	443	1
382	505	1
382	566	1
382	567	1
382	666	1
382	986	1
382	990	1
383	34	1
383	246	2
383	247	2
383	346	2
383	419	1
383	571	2
383	677	1
383	727	2
383	744	2
383	864	1
384	3	3
384	88	2
384	134	2
384	135	1
384	214	1
384	439	1
384	570	1
384	720	2
384	937	2
384	998	1
385	198	1
385	199	1
385	212	1
385	436	1
385	458	1
385	507	1
385	538	2
385	592	1
385	603	3
385	724	1
386	104	1
386	254	1
386	310	1
386	443	1
386	518	1
386	558	1
386	646	1
386	703	1
386	747	1
386	933	1
387	161	3
387	347	1
387	353	3
387	459	3
387	572	1
387	604	1
387	626	1
387	794	1
387	855	1
387	962	1
388	217	1
388	252	4
388	531	1
388	573	1
388	639	1
388	764	1
388	848	1
388	938	1
388	956	1
388	987	1
389	118	1
389	278	1
389	296	1
389	318	1
389	352	1
389	589	1
389	607	5
389	838	1
389	871	1
389	940	1
390	24	1
390	474	3
390	489	1
390	502	1
390	618	1
390	624	1
390	642	1
390	678	1
390	822	1
390	934	2
391	40	2
391	132	3
391	179	1
391	457	2
391	529	3
391	716	2
391	719	3
391	747	3
391	803	3
391	877	3
392	256	4
392	330	3
392	347	1
392	350	3
392	354	4
392	694	3
392	731	2
392	756	3
392	778	2
392	929	2
393	46	3
393	242	1
393	312	1
393	587	1
393	765	2
393	775	1
393	781	1
393	783	1
393	815	1
393	854	2
394	81	1
394	284	1
394	317	1
394	360	1
394	371	1
394	486	1
394	616	1
394	679	1
394	788	1
394	1000	1
395	30	2
395	179	1
395	367	2
395	411	3
395	588	3
395	609	1
395	667	1
395	765	2
395	802	1
395	973	1
396	232	2
396	263	4
396	271	3
396	286	4
396	303	3
396	412	3
396	418	1
396	436	3
396	679	2
396	987	1
397	5	1
397	148	3
397	283	3
397	288	1
397	373	5
397	583	1
397	649	2
397	803	2
397	845	2
397	963	2
398	167	1
398	188	1
398	480	1
398	688	3
398	711	2
398	737	2
398	857	2
398	885	3
398	907	1
398	924	1
399	36	1
399	246	5
399	421	1
399	428	2
399	469	5
399	495	1
399	597	3
399	601	4
399	740	1
399	854	1
400	20	1
400	173	1
400	185	1
400	283	1
400	347	1
400	420	1
400	425	1
400	728	1
400	960	1
400	963	3
401	4	2
401	208	2
401	312	3
401	561	2
401	626	2
401	727	2
401	856	2
401	930	2
401	976	3
401	997	2
402	80	1
402	124	1
402	376	2
402	403	1
402	453	1
402	531	1
402	547	2
402	554	2
402	755	1
402	975	1
403	77	2
403	205	1
403	348	2
403	353	2
403	357	1
403	367	1
403	455	2
403	708	1
403	720	1
403	870	1
404	28	1
404	72	1
404	100	1
404	431	1
404	490	1
404	543	2
404	556	1
404	695	1
404	730	1
404	807	1
405	33	1
405	53	5
405	97	1
405	146	2
405	243	2
405	252	2
405	328	1
405	365	1
405	630	1
405	774	2
406	42	2
406	44	1
406	84	2
406	147	2
406	283	2
406	607	1
406	664	2
406	831	2
406	907	3
406	979	1
407	79	3
407	129	1
407	147	4
407	281	1
407	475	1
407	669	1
407	674	2
407	686	1
407	857	2
407	930	1
408	21	1
408	27	1
408	102	2
408	278	2
408	704	1
408	741	3
408	793	2
408	843	3
408	868	3
408	900	1
409	88	3
409	93	4
409	233	3
409	458	2
409	699	1
409	805	1
409	823	1
409	827	3
409	880	3
409	948	1
410	34	1
410	139	1
410	215	4
410	446	1
410	567	2
410	674	1
410	703	1
410	773	1
410	912	1
410	927	4
411	61	2
411	169	4
411	189	3
411	430	1
411	456	1
411	580	1
411	602	3
411	676	3
411	723	3
411	755	3
412	100	1
412	103	1
412	219	4
412	355	1
412	407	3
412	428	1
412	836	1
412	878	1
412	947	2
412	953	1
413	63	1
413	81	1
413	386	2
413	436	1
413	667	1
413	699	1
413	754	2
413	777	1
413	781	3
413	986	1
414	167	2
414	183	2
414	253	2
414	287	2
414	436	2
414	509	2
414	651	2
414	657	2
414	709	3
414	860	2
415	313	3
415	316	1
415	317	1
415	436	1
415	440	3
415	453	1
415	581	1
415	728	1
415	746	1
415	754	2
416	34	1
416	51	1
416	57	1
416	88	1
416	131	1
416	277	1
416	418	1
416	915	1
416	947	1
416	967	1
417	176	2
417	316	2
417	368	1
417	409	1
417	582	1
417	620	2
417	733	1
417	746	1
417	917	1
417	984	3
418	100	1
418	128	1
418	395	1
418	425	1
418	443	1
418	510	1
418	604	1
418	852	1
418	923	1
418	996	1
419	244	1
419	307	2
419	385	2
419	428	3
419	583	1
419	593	1
419	674	2
419	791	1
419	803	2
419	874	3
420	69	1
420	74	2
420	231	1
420	293	2
420	299	1
420	576	2
420	723	1
420	816	1
420	928	2
420	929	1
421	4	3
421	162	2
421	197	5
421	218	4
421	516	2
421	602	4
421	693	1
421	704	1
421	787	1
421	980	5
422	107	2
422	331	1
422	337	1
422	359	1
422	374	1
422	441	1
422	466	1
422	523	1
422	783	1
422	813	1
423	20	4
423	31	3
423	245	2
423	289	2
423	554	3
423	633	3
423	780	3
423	804	2
423	810	2
423	972	2
424	41	5
424	413	3
424	415	2
424	458	1
424	577	2
424	618	1
424	656	2
424	816	1
424	927	3
424	986	3
425	61	3
425	190	3
425	504	1
425	550	1
425	563	3
425	628	1
425	644	1
425	655	5
425	712	2
425	973	3
426	22	1
426	148	1
426	227	2
426	247	1
426	330	3
426	478	1
426	639	2
426	671	2
426	805	1
426	832	2
427	270	4
427	436	2
427	441	1
427	509	3
427	521	2
427	705	1
427	823	4
427	841	1
427	898	2
427	924	2
428	95	1
428	298	1
428	306	5
428	519	1
428	585	4
428	662	2
428	733	4
428	816	1
428	827	1
428	872	1
429	11	2
429	40	1
429	82	2
429	396	2
429	471	2
429	498	2
429	525	2
429	584	3
429	643	2
429	686	1
430	76	1
430	297	1
430	334	1
430	374	1
430	573	1
430	594	1
430	744	1
430	845	1
430	915	1
430	986	1
431	110	2
431	117	1
431	235	1
431	494	2
431	510	1
431	601	2
431	690	1
431	753	1
431	784	1
431	861	1
432	25	4
432	83	4
432	202	2
432	269	5
432	447	4
432	601	5
432	602	2
432	717	3
432	745	3
432	993	5
433	6	3
433	71	3
433	125	3
433	305	3
433	425	3
433	555	3
433	655	3
433	707	3
433	724	3
433	989	3
434	118	1
434	265	2
434	347	2
434	377	1
434	411	2
434	694	2
434	752	3
434	825	3
434	842	1
434	847	3
435	31	1
435	391	1
435	414	1
435	455	1
435	470	1
435	488	1
435	706	2
435	818	1
435	867	1
435	957	1
436	215	1
436	241	1
436	246	1
436	288	1
436	359	1
436	676	3
436	687	2
436	717	2
436	907	1
436	994	4
437	82	1
437	97	1
437	387	1
437	437	1
437	459	3
437	498	1
437	537	1
437	743	1
437	867	1
437	906	1
438	92	1
438	153	3
438	174	2
438	457	1
438	586	1
438	634	1
438	782	1
438	806	1
438	860	1
438	865	1
439	76	3
439	149	3
439	249	4
439	417	1
439	601	1
439	725	1
439	825	1
439	835	2
439	887	2
439	951	4
440	25	3
440	56	3
440	103	1
440	106	5
440	288	4
440	456	2
440	477	1
440	489	3
440	669	4
440	747	5
441	9	1
441	110	1
441	262	1
441	331	1
441	503	1
441	536	1
441	574	1
441	585	1
441	719	1
441	795	1
442	24	1
442	99	1
442	103	1
442	149	2
442	324	1
442	435	2
442	710	3
442	717	3
442	834	2
442	938	3
443	21	2
443	109	1
443	127	3
443	171	1
443	358	2
443	430	1
443	434	2
443	811	1
443	849	2
443	850	1
444	101	1
444	127	5
444	354	1
444	355	2
444	428	1
444	473	1
444	777	2
444	908	2
444	918	1
444	935	3
445	39	2
445	129	1
445	155	3
445	276	1
445	313	3
445	589	1
445	618	3
445	676	1
445	829	4
445	937	4
446	62	2
446	65	2
446	103	2
446	131	3
446	148	2
446	248	2
446	433	2
446	567	2
446	636	2
446	899	2
447	128	3
447	184	3
447	203	3
447	282	2
447	399	3
447	440	2
447	554	2
447	579	3
447	666	2
447	940	4
448	127	3
448	410	3
448	446	2
448	625	5
448	694	3
448	700	2
448	774	3
448	827	1
448	852	2
448	978	2
449	57	3
449	208	1
449	341	3
449	362	2
449	485	3
449	509	2
449	522	1
449	543	4
449	712	4
449	865	5
450	34	2
450	47	2
450	313	2
450	320	2
450	542	2
450	602	1
450	612	1
450	703	2
450	828	2
450	874	3
451	12	1
451	122	1
451	234	1
451	409	1
451	471	1
451	649	1
451	717	1
451	965	1
451	966	1
451	986	1
452	42	3
452	217	2
452	371	1
452	413	1
452	539	3
452	629	1
452	657	4
452	666	1
452	758	4
452	948	2
453	104	1
453	470	1
453	476	1
453	479	2
453	493	1
453	498	1
453	569	1
453	613	4
453	875	1
453	925	1
454	154	1
454	173	4
454	306	3
454	341	3
454	628	2
454	636	1
454	642	3
454	708	3
454	835	4
454	968	3
455	58	1
455	289	1
455	373	2
455	421	1
455	481	1
455	490	1
455	612	1
455	630	1
455	689	1
455	718	1
456	10	1
456	84	1
456	184	1
456	263	1
456	448	1
456	455	1
456	592	1
456	767	3
456	923	2
456	936	1
457	44	3
457	105	2
457	155	2
457	200	2
457	245	3
457	703	2
457	777	3
457	907	1
457	939	5
457	951	1
458	40	1
458	526	2
458	574	3
458	594	2
458	727	2
458	764	1
458	778	1
458	814	1
458	873	5
458	971	2
459	84	1
459	96	1
459	371	1
459	483	3
459	605	1
459	794	2
459	852	1
459	865	3
459	914	1
459	924	1
460	30	2
460	258	1
460	313	5
460	353	2
460	438	1
460	440	5
460	678	2
460	745	3
460	809	1
460	930	1
461	29	1
461	49	1
461	225	1
461	392	1
461	493	1
461	530	1
461	650	2
461	790	1
461	821	1
461	953	1
462	208	2
462	240	1
462	315	1
462	555	2
462	589	1
462	644	1
462	799	3
462	835	1
462	845	2
462	911	1
463	34	2
463	250	2
463	461	3
463	544	3
463	733	3
463	752	3
463	782	3
463	788	3
463	792	2
463	802	2
464	3	1
464	50	5
464	80	1
464	361	5
464	554	3
464	710	3
464	725	3
464	764	2
464	865	2
464	965	3
465	4	1
465	12	2
465	138	2
465	187	2
465	329	2
465	612	1
465	824	3
465	862	2
465	935	2
465	943	1
466	123	2
466	221	1
466	268	2
466	389	3
466	396	2
466	433	2
466	542	3
466	577	1
466	878	3
466	976	2
467	9	1
467	40	1
467	132	2
467	141	1
467	143	1
467	249	1
467	648	1
467	785	1
467	902	1
467	952	1
468	179	2
468	295	3
468	324	4
468	399	2
468	487	3
468	534	4
468	602	1
468	661	4
468	747	1
468	876	2
469	27	4
469	186	5
469	256	1
469	593	1
469	648	1
469	725	1
469	809	1
469	894	1
469	899	4
469	960	1
470	83	3
470	131	4
470	255	4
470	529	3
470	585	3
470	589	4
470	667	3
470	712	3
470	988	3
470	993	3
471	29	1
471	346	1
471	386	1
471	398	1
471	415	1
471	431	1
471	625	1
471	917	1
471	919	1
471	920	1
472	45	1
472	132	1
472	183	1
472	299	1
472	302	1
472	424	3
472	660	1
472	705	1
472	898	2
472	910	2
473	8	1
473	66	1
473	261	1
473	415	1
473	574	1
473	579	1
473	705	1
473	881	1
473	984	1
473	992	1
474	39	2
474	63	2
474	87	2
474	102	2
474	118	2
474	131	3
474	157	2
474	195	3
474	222	2
474	496	3
475	26	1
475	46	2
475	159	1
475	160	1
475	161	1
475	272	1
475	544	1
475	638	1
475	862	1
475	936	1
476	19	4
476	146	3
476	340	2
476	356	2
476	634	2
476	678	3
476	692	2
476	709	3
476	722	2
476	981	1
477	49	1
477	51	5
477	72	3
477	190	3
477	191	1
477	423	1
477	487	1
477	646	1
477	752	1
477	797	1
478	56	5
478	162	1
478	184	2
478	538	5
478	642	4
478	690	5
478	696	5
478	779	2
478	800	4
478	944	3
479	26	2
479	156	2
479	189	2
479	340	2
479	367	2
479	631	2
479	784	2
479	787	4
479	876	2
479	882	2
480	62	2
480	83	2
480	325	1
480	417	1
480	496	4
480	592	3
480	610	3
480	708	1
480	865	2
480	905	3
481	127	2
481	154	2
481	201	3
481	347	1
481	429	1
481	462	3
481	729	3
481	768	3
481	830	3
481	896	3
482	19	2
482	183	2
482	317	1
482	540	2
482	563	2
482	637	2
482	685	2
482	877	3
482	914	1
482	973	2
483	221	1
483	230	4
483	251	1
483	395	3
483	495	2
483	533	1
483	729	2
483	763	2
483	807	1
483	880	3
484	78	2
484	216	1
484	288	4
484	313	1
484	350	2
484	405	4
484	464	1
484	555	2
484	660	3
484	829	3
485	158	2
485	225	1
485	269	1
485	442	1
485	535	1
485	673	2
485	858	4
485	904	2
485	943	1
485	994	2
486	126	1
486	230	2
486	238	2
486	431	3
486	489	2
486	626	2
486	631	2
486	658	3
486	951	1
486	959	2
487	172	3
487	208	1
487	271	3
487	411	4
487	425	1
487	430	4
487	443	3
487	718	1
487	719	1
487	778	3
488	70	1
488	129	1
488	333	1
488	420	1
488	479	1
488	722	1
488	822	1
488	826	1
488	906	1
488	925	1
489	11	3
489	186	3
489	215	3
489	263	2
489	278	3
489	379	2
489	446	3
489	499	2
489	648	3
489	791	3
490	260	2
490	278	2
490	310	1
490	314	1
490	502	1
490	524	1
490	538	3
490	569	3
490	776	2
490	966	3
491	80	1
491	249	1
491	288	1
491	349	1
491	405	1
491	466	1
491	472	1
491	704	1
491	734	1
491	899	2
492	41	1
492	234	1
492	324	1
492	352	1
492	354	1
492	439	1
492	588	1
492	610	1
492	929	1
492	964	1
493	31	1
493	39	1
493	267	1
493	423	1
493	515	1
493	519	1
493	579	1
493	739	1
493	750	1
493	805	1
494	82	2
494	189	1
494	392	1
494	423	1
494	434	1
494	497	1
494	526	1
494	563	1
494	794	1
494	813	1
495	56	3
495	134	3
495	160	1
495	198	3
495	285	2
495	433	2
495	729	4
495	804	2
495	841	2
495	980	2
496	38	1
496	61	1
496	121	1
496	608	1
496	620	1
496	656	1
496	666	1
496	719	1
496	894	1
496	909	1
497	149	1
497	213	4
497	398	1
497	435	1
497	468	1
497	505	1
497	651	4
497	737	2
497	815	2
497	856	5
498	38	1
498	99	5
498	110	5
498	209	5
498	245	5
498	310	5
498	314	5
498	340	1
498	669	1
498	819	1
499	18	1
499	75	1
499	159	1
499	180	1
499	290	1
499	406	1
499	407	1
499	736	1
499	761	1
499	802	1
500	126	1
500	143	2
500	193	5
500	308	1
500	416	1
500	493	5
500	494	4
500	522	1
500	723	5
500	788	2
501	101	1
501	297	1
501	326	3
501	450	1
501	561	1
501	796	1
501	836	1
501	855	3
501	926	1
501	927	3
502	252	1
502	253	1
502	355	1
502	433	2
502	488	1
502	525	3
502	644	1
502	737	3
502	742	3
502	755	2
503	212	1
503	244	1
503	305	1
503	361	2
503	536	2
503	622	1
503	633	1
503	662	2
503	667	2
503	969	3
504	244	4
504	347	1
504	382	2
504	411	3
504	423	1
504	580	3
504	743	3
504	803	2
504	859	4
504	948	3
505	19	2
505	54	1
505	110	1
505	220	1
505	257	2
505	463	2
505	483	2
505	701	1
505	777	3
505	987	4
506	201	1
506	206	3
506	226	4
506	310	1
506	454	1
506	471	2
506	742	1
506	751	4
506	854	2
506	893	2
507	62	4
507	96	2
507	211	2
507	345	3
507	516	2
507	648	2
507	690	2
507	758	2
507	807	1
507	844	3
508	39	3
508	52	2
508	555	4
508	586	2
508	612	2
508	622	2
508	639	3
508	664	2
508	714	4
508	886	3
509	53	1
509	141	3
509	251	1
509	257	1
509	403	2
509	592	1
509	660	2
509	710	3
509	787	1
509	846	2
510	37	1
510	224	1
510	331	1
510	332	1
510	519	1
510	639	1
510	654	1
510	766	1
510	819	2
510	840	1
511	56	2
511	199	2
511	319	2
511	423	2
511	428	2
511	540	2
511	648	2
511	708	2
511	736	1
511	790	2
512	54	3
512	414	2
512	422	1
512	566	3
512	600	1
512	732	1
512	792	1
512	890	1
512	905	1
512	960	3
513	41	4
513	142	3
513	240	3
513	327	1
513	555	1
513	587	1
513	677	1
513	784	1
513	790	1
513	890	1
514	13	1
514	185	1
514	230	1
514	313	1
514	447	1
514	486	1
514	642	1
514	735	1
514	912	1
514	994	1
515	34	1
515	90	1
515	331	1
515	432	1
515	520	1
515	718	1
515	743	1
515	821	1
515	874	1
515	900	1
516	39	2
516	130	1
516	155	2
516	188	1
516	219	5
516	293	3
516	294	2
516	446	1
516	663	1
516	966	3
517	50	1
517	127	4
517	429	1
517	443	1
517	489	3
517	543	3
517	602	1
517	726	1
517	980	1
517	998	1
518	140	3
518	145	4
518	154	2
518	419	2
518	470	4
518	610	4
518	637	2
518	754	3
518	769	2
518	803	3
519	67	1
519	68	1
519	206	1
519	331	1
519	483	3
519	514	3
519	674	2
519	908	1
519	922	2
519	971	2
520	58	1
520	72	1
520	131	1
520	168	1
520	169	1
520	420	1
520	633	1
520	862	1
520	874	1
520	915	1
521	190	3
521	316	1
521	331	3
521	403	1
521	460	1
521	496	3
521	789	1
521	804	1
521	920	2
521	968	2
522	157	3
522	359	3
522	364	3
522	446	3
522	540	3
522	603	3
522	612	3
522	712	3
522	811	3
522	876	3
523	83	1
523	367	3
523	375	4
523	505	1
523	560	1
523	578	1
523	853	2
523	862	3
523	910	1
523	999	2
524	48	1
524	81	1
524	175	1
524	234	1
524	258	1
524	368	1
524	441	1
524	537	1
524	666	1
524	745	1
525	172	1
525	217	3
525	458	1
525	574	1
525	737	1
525	756	1
525	796	1
525	830	1
525	955	1
525	992	1
526	69	1
526	91	1
526	203	2
526	379	1
526	403	1
526	531	1
526	552	3
526	617	1
526	714	1
526	848	1
527	30	1
527	95	1
527	201	1
527	282	1
527	517	1
527	565	1
527	756	1
527	892	1
527	941	1
527	983	1
528	22	1
528	87	1
528	300	1
528	511	1
528	678	3
528	709	2
528	864	1
528	874	1
528	908	1
528	960	2
529	37	3
529	300	1
529	303	1
529	371	1
529	377	1
529	502	1
529	768	2
529	821	1
529	932	1
529	968	3
530	23	4
530	200	3
530	223	5
530	407	4
530	514	4
530	546	3
530	640	3
530	648	3
530	695	1
530	882	1
531	16	1
531	145	1
531	311	1
531	445	1
531	476	1
531	526	1
531	587	5
531	616	1
531	638	2
531	741	1
532	86	3
532	206	1
532	231	1
532	283	1
532	489	1
532	508	1
532	579	1
532	711	2
532	752	3
532	988	1
533	148	1
533	300	1
533	306	2
533	349	1
533	391	1
533	489	1
533	638	1
533	641	1
533	748	1
533	908	1
534	54	2
534	97	1
534	173	2
534	221	1
534	517	1
534	604	1
534	679	1
534	745	2
534	829	2
534	919	2
535	4	4
535	51	1
535	204	1
535	528	1
535	580	1
535	678	1
535	810	1
535	897	1
535	904	1
535	933	1
536	154	1
536	349	1
536	518	1
536	638	2
536	719	1
536	819	1
536	850	1
536	886	3
536	937	1
536	955	1
537	134	2
537	162	1
537	406	1
537	427	2
537	699	3
537	721	1
537	724	2
537	761	1
537	887	1
537	1000	1
538	105	1
538	459	1
538	480	1
538	500	1
538	514	1
538	562	1
538	664	1
538	788	1
538	895	2
538	917	1
539	234	5
539	239	5
539	241	2
539	439	4
539	492	5
539	598	5
539	640	4
539	647	2
539	870	4
539	974	4
540	192	3
540	212	3
540	272	3
540	348	2
540	435	2
540	652	3
540	703	4
540	769	3
540	919	3
540	950	2
541	30	1
541	155	2
541	197	4
541	306	2
541	354	3
541	362	1
541	439	1
541	685	2
541	700	1
541	998	2
542	68	1
542	96	2
542	151	4
542	356	1
542	385	1
542	529	4
542	637	1
542	706	1
542	810	1
542	906	1
543	7	3
543	329	3
543	431	2
543	495	2
543	501	1
543	516	1
543	625	1
543	641	2
543	660	3
543	879	3
544	106	1
544	250	1
544	251	1
544	315	3
544	385	1
544	431	2
544	637	1
544	836	1
544	890	2
544	926	1
545	265	1
545	338	1
545	403	1
545	416	1
545	425	1
545	438	3
545	499	2
545	651	1
545	778	2
545	985	1
546	117	1
546	143	1
546	345	1
546	493	1
546	601	1
546	620	1
546	747	2
546	772	1
546	801	1
546	907	1
547	6	1
547	145	1
547	196	1
547	422	1
547	579	1
547	777	1
547	840	1
547	844	1
547	862	1
547	931	1
548	3	2
548	41	3
548	90	3
548	166	2
548	230	4
548	342	3
548	461	4
548	612	3
548	671	2
548	899	3
549	49	2
549	107	2
549	153	5
549	167	2
549	198	2
549	216	2
549	226	2
549	257	2
549	369	2
549	523	2
550	156	2
550	376	1
550	397	4
550	451	3
550	461	2
550	486	2
550	566	2
550	797	2
550	821	4
550	985	3
551	62	5
551	65	3
551	185	1
551	277	1
551	417	1
551	419	1
551	606	1
551	649	1
551	683	1
551	762	2
552	11	2
552	16	1
552	181	2
552	194	1
552	255	4
552	266	1
552	360	2
552	596	1
552	869	1
552	872	1
553	50	4
553	273	1
553	391	1
553	492	2
553	649	1
553	653	1
553	716	3
553	736	1
553	802	1
553	966	2
554	95	1
554	121	2
554	220	1
554	329	1
554	372	1
554	576	1
554	679	1
554	830	1
554	965	1
554	976	1
555	12	3
555	356	3
555	481	1
555	685	3
555	743	2
555	830	3
555	842	3
555	892	1
555	898	2
555	983	2
556	59	3
556	98	2
556	220	1
556	420	2
556	466	3
556	536	4
556	771	1
556	863	3
556	889	3
556	920	2
557	63	3
557	97	1
557	159	2
557	433	2
557	489	2
557	556	2
557	641	1
557	650	5
557	705	2
557	915	2
558	22	2
558	43	1
558	62	3
558	91	2
558	209	1
558	221	1
558	513	5
558	637	1
558	669	1
558	905	2
559	81	1
559	94	2
559	112	1
559	326	1
559	344	3
559	621	1
559	712	1
559	819	3
559	934	1
559	952	2
560	218	1
560	284	2
560	491	2
560	621	3
560	622	2
560	713	1
560	814	1
560	863	1
560	923	2
560	941	1
561	317	2
561	398	2
561	477	2
561	589	2
561	637	2
561	728	2
561	806	2
561	819	2
561	824	2
561	867	2
562	270	4
562	377	1
562	415	1
562	493	2
562	539	1
562	631	1
562	633	2
562	787	1
562	950	2
562	959	1
563	74	2
563	201	1
563	339	1
563	346	2
563	413	2
563	618	2
563	699	1
563	795	2
563	979	1
563	995	3
564	2	1
564	39	1
564	66	2
564	73	1
564	187	1
564	427	1
564	488	1
564	526	2
564	576	2
564	845	1
565	27	1
565	175	2
565	348	2
565	523	1
565	603	1
565	612	2
565	646	1
565	810	3
565	879	1
565	983	3
566	57	2
566	264	2
566	356	1
566	380	2
566	444	2
566	680	2
566	689	3
566	691	2
566	865	5
566	887	3
567	123	3
567	391	4
567	528	3
567	705	3
567	744	1
567	753	3
567	783	2
567	829	3
567	848	3
567	966	2
568	28	1
568	111	2
568	137	4
568	238	1
568	409	1
568	410	1
568	442	2
568	491	2
568	637	1
568	640	3
569	80	1
569	189	1
569	194	4
569	365	1
569	702	1
569	849	2
569	863	1
569	871	1
569	884	1
569	973	1
570	16	2
570	147	3
570	192	4
570	209	1
570	473	2
570	594	3
570	754	1
570	778	1
570	792	1
570	912	1
571	95	2
571	105	3
571	235	1
571	279	1
571	394	1
571	744	1
571	768	1
571	865	1
571	888	1
571	949	3
572	112	2
572	146	2
572	221	2
572	320	3
572	370	2
572	388	4
572	533	2
572	688	3
572	790	2
572	901	2
573	151	3
573	180	1
573	209	3
573	320	5
573	408	1
573	465	4
573	569	1
573	595	3
573	750	3
573	772	5
574	33	2
574	63	2
574	96	3
574	245	4
574	289	1
574	449	3
574	663	2
574	713	1
574	739	1
574	812	5
575	61	1
575	126	2
575	141	1
575	418	1
575	618	3
575	708	1
575	721	2
575	781	2
575	857	2
575	943	1
576	74	1
576	96	1
576	298	1
576	332	1
576	349	1
576	378	1
576	449	2
576	460	2
576	478	4
576	739	1
577	181	1
577	211	1
577	253	1
577	289	3
577	318	4
577	325	2
577	368	1
577	619	1
577	654	3
577	979	1
578	3	1
578	171	1
578	187	1
578	218	2
578	466	2
578	664	1
578	665	3
578	879	2
578	966	1
578	975	1
579	2	5
579	99	2
579	359	1
579	362	1
579	524	1
579	623	2
579	658	1
579	876	1
579	938	1
579	961	2
580	164	1
580	205	1
580	206	3
580	248	1
580	319	3
580	572	1
580	669	1
580	679	1
580	995	3
580	998	1
581	91	1
581	293	1
581	363	1
581	375	1
581	412	2
581	628	1
581	811	1
581	871	1
581	876	1
581	891	1
582	254	1
582	321	1
582	554	1
582	603	1
582	674	1
582	824	1
582	826	1
582	870	1
582	874	1
582	907	1
583	37	1
583	284	1
583	356	1
583	413	1
583	450	1
583	512	1
583	574	1
583	800	1
583	964	4
583	983	2
584	27	4
584	54	3
584	105	1
584	159	1
584	215	1
584	459	2
584	751	1
584	860	2
584	920	1
584	950	3
585	50	3
585	262	3
585	356	1
585	357	2
585	465	1
585	544	2
585	576	3
585	779	2
585	905	1
585	957	2
586	93	5
586	264	4
586	279	2
586	353	2
586	439	4
586	747	5
586	753	3
586	754	2
586	864	1
586	935	2
587	131	3
587	241	1
587	326	1
587	332	1
587	412	1
587	475	1
587	605	1
587	879	2
587	925	1
587	963	1
588	73	1
588	167	2
588	225	2
588	250	2
588	680	2
588	683	2
588	703	2
588	724	2
588	881	2
588	926	2
589	17	2
589	273	1
589	358	1
589	372	3
589	515	1
589	692	4
589	783	3
589	852	1
589	968	2
589	978	1
590	97	2
590	252	4
590	439	2
590	585	2
590	589	2
590	648	2
590	702	2
590	800	2
590	895	4
590	996	4
591	218	3
591	328	2
591	403	1
591	559	4
591	601	2
591	765	3
591	775	3
591	915	4
591	981	1
591	986	2
592	51	4
592	333	1
592	431	1
592	499	1
592	532	1
592	655	2
592	752	3
592	932	1
592	936	1
592	949	1
593	127	2
593	172	1
593	292	4
593	330	2
593	336	1
593	358	3
593	475	2
593	548	5
593	677	1
593	855	3
594	24	3
594	193	3
594	398	1
594	430	1
594	476	1
594	598	1
594	612	2
594	753	2
594	796	3
594	838	4
595	31	4
595	153	3
595	166	3
595	220	4
595	593	3
595	617	2
595	674	4
595	888	4
595	893	2
595	944	2
596	78	1
596	280	2
596	291	1
596	364	3
596	496	2
596	511	1
596	547	2
596	576	3
596	825	2
596	979	2
597	22	1
597	284	3
597	449	2
597	583	2
597	604	1
597	618	3
597	693	3
597	747	2
597	852	2
597	862	1
598	6	1
598	221	1
598	328	1
598	504	1
598	512	1
598	778	1
598	847	1
598	860	1
598	903	1
598	957	1
599	17	2
599	159	1
599	201	3
599	282	2
599	285	3
599	468	3
599	565	3
599	640	2
599	656	4
599	864	4
600	55	1
600	72	1
600	191	1
600	238	1
600	296	4
600	599	1
600	794	1
600	797	1
600	925	3
600	946	3
601	14	2
601	551	2
601	552	3
601	587	1
601	594	3
601	629	5
601	713	5
601	796	5
601	919	1
601	952	2
602	161	1
602	230	1
602	245	1
602	273	3
602	422	1
602	444	1
602	744	1
602	893	1
602	899	1
602	1000	1
603	185	2
603	310	3
603	359	3
603	454	3
603	513	4
603	628	3
603	707	2
603	797	3
603	848	2
603	972	2
604	13	1
604	137	3
604	206	4
604	408	1
604	573	5
604	582	2
604	641	2
604	865	5
604	887	1
604	991	1
605	110	1
605	174	1
605	296	1
605	363	1
605	547	3
605	712	1
605	746	1
605	757	1
605	820	1
605	992	1
606	19	5
606	205	3
606	366	2
606	527	1
606	600	1
606	734	1
606	749	3
606	779	1
606	891	1
606	944	4
607	109	4
607	397	1
607	456	4
607	675	3
607	685	3
607	814	4
607	831	1
607	834	4
607	838	4
607	880	3
608	30	1
608	57	1
608	169	1
608	292	2
608	519	1
608	603	1
608	741	1
608	755	1
608	880	1
608	950	1
609	138	1
609	252	3
609	382	2
609	420	1
609	439	3
609	582	4
609	586	1
609	876	5
609	901	2
609	940	2
610	45	3
610	51	2
610	123	3
610	337	1
610	441	2
610	543	1
610	581	3
610	665	4
610	698	2
610	712	2
611	35	3
611	106	1
611	326	2
611	366	3
611	367	1
611	602	1
611	604	2
611	726	1
611	851	1
611	882	1
612	18	3
612	33	2
612	169	2
612	279	3
612	340	3
612	368	3
612	839	2
612	847	2
612	895	2
612	933	2
613	59	2
613	69	1
613	154	2
613	244	2
613	268	2
613	384	3
613	396	2
613	725	2
613	791	2
613	884	1
614	19	2
614	35	2
614	135	1
614	462	3
614	608	3
614	743	3
614	789	2
614	826	5
614	828	1
614	914	3
615	50	1
615	256	1
615	267	1
615	311	1
615	398	1
615	459	5
615	641	1
615	698	1
615	708	1
615	863	1
616	58	4
616	114	1
616	155	2
616	179	3
616	190	3
616	325	3
616	392	2
616	443	3
616	638	3
616	812	3
617	45	1
617	65	2
617	192	3
617	259	1
617	287	3
617	487	1
617	491	1
617	816	1
617	823	3
617	873	2
618	132	2
618	135	2
618	341	3
618	383	2
618	414	2
618	430	1
618	484	3
618	594	3
618	801	4
618	987	1
619	45	1
619	57	1
619	273	1
619	303	1
619	376	1
619	405	1
619	472	1
619	482	1
619	706	1
619	744	1
620	42	1
620	80	1
620	121	2
620	203	2
620	515	1
620	594	2
620	602	1
620	659	2
620	763	3
620	898	2
621	25	1
621	167	1
621	293	1
621	305	1
621	406	1
621	476	1
621	526	1
621	725	1
621	947	1
621	973	1
622	9	2
622	81	1
622	228	1
622	320	1
622	563	2
622	618	2
622	656	3
622	722	1
622	770	1
622	804	1
623	33	3
623	100	1
623	135	2
623	147	1
623	305	1
623	325	1
623	351	2
623	416	2
623	858	4
623	923	1
624	90	3
624	109	3
624	146	3
624	318	2
624	460	2
624	496	2
624	575	2
624	671	3
624	675	2
624	940	4
625	58	1
625	220	1
625	261	2
625	302	1
625	322	1
625	499	2
625	599	1
625	786	2
625	951	2
625	974	2
626	174	1
626	221	1
626	264	1
626	278	1
626	293	1
626	399	1
626	454	1
626	521	1
626	616	1
626	826	1
627	146	1
627	180	1
627	248	1
627	460	4
627	461	1
627	729	1
627	746	3
627	814	2
627	881	1
627	970	1
628	35	3
628	123	3
628	247	3
628	309	2
628	314	2
628	606	2
628	773	2
628	820	2
628	882	1
628	933	3
629	61	1
629	526	1
629	713	2
629	720	2
629	761	2
629	860	1
629	877	1
629	899	3
629	930	2
629	938	1
630	40	1
630	68	1
630	78	1
630	117	1
630	211	1
630	357	1
630	606	1
630	741	1
630	751	1
630	878	1
631	87	3
631	141	3
631	171	3
631	278	1
631	663	4
631	757	4
631	765	3
631	900	4
631	973	3
631	976	3
632	4	1
632	19	1
632	44	1
632	49	1
632	129	1
632	407	1
632	417	1
632	498	1
632	710	1
632	768	1
633	121	4
633	151	3
633	234	3
633	380	3
633	436	3
633	512	1
633	654	4
633	669	5
633	680	4
633	762	1
634	51	1
634	75	1
634	190	3
634	300	1
634	332	1
634	382	3
634	416	1
634	517	1
634	836	4
634	895	3
635	28	4
635	318	4
635	373	2
635	444	1
635	511	1
635	598	1
635	687	4
635	740	3
635	851	1
635	922	1
636	27	1
636	75	1
636	330	3
636	512	1
636	552	3
636	634	1
636	676	1
636	727	2
636	757	1
636	889	3
637	232	1
637	249	3
637	268	1
637	306	1
637	325	1
637	434	1
637	627	2
637	634	1
637	967	1
637	978	3
638	26	1
638	38	5
638	250	1
638	267	1
638	678	1
638	726	4
638	743	2
638	874	1
638	881	1
638	984	1
639	70	1
639	133	2
639	220	1
639	311	2
639	428	2
639	429	1
639	436	4
639	445	1
639	469	1
639	952	1
640	87	1
640	171	3
640	397	2
640	411	2
640	436	3
640	734	2
640	826	4
640	830	2
640	868	3
640	915	1
641	78	1
641	519	1
641	560	2
641	642	2
641	694	3
641	847	4
641	886	1
641	893	3
641	914	3
641	929	3
642	10	1
642	223	1
642	297	1
642	325	1
642	356	1
642	397	1
642	529	1
642	595	1
642	727	1
642	902	1
643	36	5
643	332	2
643	397	2
643	451	1
643	498	3
643	574	2
643	580	2
643	616	2
643	672	1
643	722	1
644	19	2
644	140	2
644	146	3
644	228	2
644	329	3
644	399	3
644	529	3
644	550	2
644	669	3
644	866	4
645	61	1
645	90	1
645	145	1
645	188	1
645	235	1
645	257	1
645	328	1
645	520	1
645	683	1
645	762	1
646	27	1
646	66	1
646	452	1
646	528	1
646	557	1
646	624	1
646	680	1
646	682	1
646	723	2
646	846	1
647	171	2
647	197	1
647	226	2
647	288	2
647	505	1
647	545	1
647	899	5
647	942	2
647	968	2
647	998	1
648	163	1
648	238	1
648	283	3
648	339	1
648	481	1
648	597	1
648	654	3
648	749	1
648	864	1
648	884	1
649	146	2
649	172	1
649	336	2
649	349	1
649	461	1
649	465	1
649	709	1
649	807	2
649	906	4
649	920	1
650	231	1
650	282	2
650	284	1
650	327	2
650	496	1
650	560	1
650	663	1
650	681	1
650	764	1
650	885	2
651	73	1
651	109	3
651	222	2
651	251	1
651	324	2
651	504	3
651	532	1
651	543	1
651	584	1
651	740	2
652	26	1
652	135	2
652	175	1
652	188	1
652	200	1
652	270	3
652	427	1
652	683	3
652	742	2
652	922	1
653	98	1
653	379	1
653	402	1
653	603	2
653	687	5
653	766	1
653	860	1
653	942	4
653	988	1
653	990	1
654	174	2
654	229	1
654	337	1
654	453	1
654	610	1
654	617	1
654	840	3
654	870	3
654	891	1
654	928	2
655	293	2
655	303	1
655	389	1
655	620	2
655	631	2
655	696	2
655	699	1
655	746	2
655	763	1
655	876	1
656	28	2
656	38	2
656	119	3
656	202	1
656	251	1
656	289	4
656	401	2
656	547	2
656	724	1
656	894	1
657	142	2
657	333	1
657	533	1
657	534	1
657	558	1
657	565	2
657	649	1
657	746	2
657	780	1
657	794	1
658	4	2
658	94	2
658	185	2
658	236	2
658	327	2
658	365	2
658	687	3
658	804	2
658	852	2
658	867	2
659	36	1
659	76	1
659	309	1
659	699	1
659	717	1
659	718	1
659	761	4
659	823	1
659	869	1
659	966	1
660	7	1
660	96	1
660	98	2
660	185	5
660	448	2
660	626	2
660	705	3
660	911	2
660	936	4
660	970	4
661	114	1
661	181	1
661	242	1
661	290	2
661	314	2
661	418	1
661	554	1
661	601	2
661	925	2
661	975	1
662	203	1
662	219	1
662	237	1
662	304	2
662	311	1
662	500	3
662	582	1
662	587	1
662	732	1
662	884	1
663	83	2
663	227	2
663	376	1
663	379	1
663	471	2
663	561	1
663	755	1
663	793	2
663	818	2
663	979	3
664	224	1
664	325	1
664	367	1
664	572	1
664	592	1
664	629	1
664	654	4
664	846	1
664	872	1
664	965	1
665	21	3
665	237	2
665	351	4
665	479	1
665	519	1
665	575	2
665	731	2
665	821	4
665	830	3
665	888	4
666	43	1
666	135	1
666	174	1
666	273	1
666	325	1
666	395	2
666	598	1
666	788	1
666	819	1
666	833	1
667	216	2
667	219	4
667	342	1
667	408	1
667	436	4
667	547	2
667	726	2
667	837	1
667	940	2
667	944	2
668	158	3
668	193	3
668	199	3
668	205	3
668	254	3
668	383	4
668	646	3
668	681	3
668	876	3
668	951	3
669	19	3
669	100	1
669	667	1
669	668	4
669	726	3
669	779	1
669	822	1
669	829	1
669	935	3
669	985	1
670	29	1
670	191	1
670	208	1
670	342	2
670	346	1
670	381	1
670	432	1
670	442	1
670	817	1
670	957	1
671	79	3
671	237	3
671	274	3
671	323	3
671	337	3
671	707	2
671	756	3
671	765	4
671	938	2
671	954	3
672	136	1
672	187	1
672	235	5
672	348	1
672	379	1
672	392	1
672	631	3
672	815	1
672	902	4
672	978	1
673	25	1
673	140	1
673	366	3
673	526	2
673	722	1
673	868	3
673	900	1
673	941	1
673	988	4
673	998	1
674	153	3
674	309	1
674	326	1
674	354	1
674	357	2
674	363	1
674	374	1
674	471	3
674	505	1
674	687	2
675	38	1
675	78	2
675	98	1
675	359	1
675	511	1
675	589	1
675	667	1
675	679	1
675	786	5
675	841	1
676	114	2
676	214	3
676	292	1
676	364	1
676	406	4
676	418	1
676	655	1
676	671	1
676	723	1
676	814	2
677	73	3
677	176	4
677	207	2
677	253	2
677	485	3
677	663	2
677	746	1
677	751	4
677	913	1
677	925	1
678	3	2
678	199	2
678	428	1
678	542	1
678	598	2
678	602	1
678	758	2
678	798	1
678	820	2
678	930	2
679	5	1
679	20	1
679	529	1
679	538	1
679	648	3
679	669	3
679	718	3
679	765	2
679	807	1
679	960	1
680	100	1
680	123	3
680	273	2
680	345	1
680	614	3
680	772	2
680	957	1
680	970	2
680	977	1
680	996	1
681	33	4
681	52	3
681	160	1
681	217	1
681	242	1
681	282	2
681	326	1
681	680	1
681	789	4
681	865	4
682	49	4
682	141	3
682	189	1
682	234	3
682	245	3
682	595	2
682	689	2
682	847	2
682	862	3
682	975	3
683	64	1
683	70	1
683	139	1
683	526	1
683	590	1
683	616	1
683	634	1
683	870	1
683	939	1
683	948	1
684	42	1
684	253	3
684	257	1
684	565	3
684	624	2
684	633	3
684	655	1
684	685	2
684	741	2
684	997	1
685	38	2
685	197	4
685	450	3
685	593	2
685	617	3
685	789	3
685	797	4
685	850	3
685	950	2
685	967	3
686	122	2
686	149	1
686	178	1
686	223	1
686	295	1
686	350	1
686	498	1
686	528	1
686	743	2
686	751	1
687	7	1
687	26	1
687	43	1
687	104	1
687	295	1
687	318	1
687	450	1
687	596	1
687	836	1
687	939	2
688	399	2
688	484	3
688	490	2
688	501	2
688	561	1
688	576	2
688	713	3
688	742	1
688	790	2
688	909	1
689	14	4
689	116	1
689	266	1
689	737	1
689	757	1
689	870	1
689	873	5
689	875	1
689	911	1
689	974	1
690	18	2
690	62	2
690	147	1
690	151	1
690	283	1
690	690	1
690	712	1
690	783	1
690	939	1
690	985	3
691	72	1
691	116	1
691	181	1
691	231	1
691	301	1
691	446	1
691	452	1
691	507	1
691	518	1
691	917	1
692	34	1
692	42	1
692	252	1
692	285	1
692	291	1
692	393	1
692	522	3
692	762	1
692	772	3
692	833	3
693	46	1
693	228	1
693	293	1
693	347	1
693	352	1
693	710	1
693	719	1
693	746	2
693	766	3
693	823	1
694	36	1
694	44	1
694	104	1
694	179	1
694	185	1
694	214	1
694	639	1
694	665	1
694	684	1
694	920	1
695	50	1
695	102	1
695	297	1
695	337	1
695	380	2
695	381	1
695	616	1
695	710	1
695	718	1
695	932	1
696	112	3
696	158	2
696	356	2
696	384	2
696	435	2
696	454	2
696	546	2
696	632	2
696	745	2
696	793	3
697	30	1
697	61	1
697	152	2
697	166	1
697	204	1
697	319	1
697	360	1
697	487	1
697	585	1
697	637	1
698	31	3
698	137	1
698	187	1
698	200	1
698	226	2
698	364	2
698	751	3
698	816	4
698	901	2
698	917	1
699	47	1
699	138	2
699	150	1
699	380	1
699	485	1
699	562	1
699	677	1
699	712	1
699	764	1
699	815	1
700	18	2
700	40	3
700	184	3
700	404	1
700	458	1
700	580	2
700	730	2
700	780	2
700	887	3
700	940	1
701	76	1
701	91	3
701	173	2
701	318	2
701	350	1
701	369	1
701	396	1
701	797	1
701	859	3
701	909	1
702	81	1
702	85	1
702	295	3
702	559	2
702	598	1
702	685	2
702	800	3
702	809	1
702	825	4
702	925	1
703	68	1
703	130	2
703	164	1
703	285	1
703	582	1
703	617	1
703	685	2
703	777	2
703	819	1
703	894	1
704	130	3
704	198	3
704	329	3
704	492	3
704	518	3
704	580	3
704	825	3
704	843	5
704	957	3
704	994	4
705	308	2
705	320	4
705	419	2
705	449	2
705	512	2
705	594	2
705	767	3
705	862	2
705	873	3
705	997	2
706	100	2
706	106	1
706	434	1
706	498	4
706	609	1
706	662	1
706	669	1
706	774	1
706	942	1
706	952	1
707	368	2
707	369	1
707	386	1
707	395	1
707	443	1
707	496	1
707	797	2
707	867	1
707	869	1
707	908	2
708	207	1
708	230	1
708	318	1
708	402	1
708	415	1
708	588	1
708	610	1
708	709	1
708	816	1
708	940	1
709	140	1
709	142	1
709	175	1
709	241	1
709	474	2
709	496	1
709	519	1
709	567	1
709	701	1
709	936	1
710	308	1
710	360	2
710	364	1
710	568	3
710	622	1
710	655	1
710	673	2
710	738	1
710	902	2
710	922	2
711	140	1
711	147	1
711	221	1
711	279	1
711	417	1
711	427	1
711	617	1
711	679	1
711	844	1
711	847	1
712	18	3
712	113	1
712	116	3
712	177	3
712	326	1
712	371	1
712	592	1
712	670	1
712	734	1
712	809	1
713	480	2
713	511	4
713	518	3
713	527	2
713	716	2
713	722	3
713	865	2
713	948	2
713	993	2
713	999	2
714	45	1
714	58	1
714	151	1
714	345	1
714	481	1
714	554	1
714	666	1
714	684	3
714	743	2
714	859	1
715	54	4
715	57	2
715	66	2
715	147	2
715	227	3
715	264	3
715	299	3
715	717	3
715	761	2
715	819	4
716	6	1
716	106	2
716	300	2
716	345	3
716	376	2
716	749	3
716	763	3
716	805	4
716	917	3
716	940	1
717	185	1
717	259	1
717	313	3
717	481	1
717	681	1
717	758	1
717	767	3
717	822	2
717	844	2
717	987	2
718	97	1
718	185	2
718	230	1
718	478	3
718	568	1
718	633	1
718	686	1
718	748	1
718	792	1
718	917	1
719	1	1
719	23	2
719	36	1
719	156	1
719	215	1
719	429	1
719	481	2
719	503	1
719	535	1
719	631	1
720	218	2
720	321	2
720	366	2
720	368	2
720	380	2
720	391	2
720	418	2
720	527	2
720	676	2
720	742	2
721	15	2
721	93	4
721	187	1
721	229	1
721	434	2
721	717	2
721	913	3
721	915	2
721	924	1
721	960	2
722	175	2
722	281	1
722	395	4
722	450	1
722	524	3
722	612	2
722	882	1
722	917	2
722	948	3
722	968	4
723	211	2
723	231	1
723	309	1
723	422	1
723	476	1
723	552	2
723	574	1
723	592	1
723	746	3
723	880	3
724	40	2
724	56	2
724	127	5
724	273	2
724	274	2
724	337	2
724	506	4
724	833	5
724	850	2
724	1000	2
725	2	1
725	115	1
725	146	1
725	236	1
725	573	5
725	621	1
725	684	3
725	726	3
725	869	3
725	968	1
726	8	1
726	86	2
726	88	2
726	111	2
726	197	1
726	371	1
726	445	2
726	528	2
726	650	1
726	753	2
727	18	1
727	97	2
727	99	3
727	246	5
727	578	1
727	769	1
727	895	3
727	898	2
727	950	2
727	970	5
728	21	3
728	96	1
728	189	2
728	274	3
728	391	2
728	402	3
728	549	3
728	745	3
728	776	2
728	998	2
729	112	1
729	207	1
729	270	1
729	278	1
729	339	1
729	346	1
729	431	1
729	442	1
729	716	1
729	763	1
730	10	1
730	131	3
730	244	2
730	304	3
730	322	1
730	540	2
730	558	1
730	688	2
730	778	1
730	972	1
731	83	1
731	92	1
731	160	1
731	266	1
731	301	1
731	495	1
731	643	1
731	689	1
731	797	1
731	845	1
732	17	2
732	132	1
732	246	1
732	359	5
732	495	5
732	584	2
732	603	4
732	605	1
732	676	1
732	978	1
733	103	1
733	105	2
733	252	3
733	308	2
733	506	2
733	507	3
733	544	3
733	597	2
733	760	2
733	774	2
734	70	1
734	103	2
734	194	3
734	282	2
734	458	1
734	765	4
734	881	1
734	918	4
734	979	1
734	981	3
735	53	3
735	144	3
735	496	4
735	531	4
735	635	3
735	679	5
735	695	2
735	765	4
735	839	3
735	951	2
736	62	2
736	78	1
736	84	2
736	206	2
736	280	2
736	392	1
736	508	4
736	623	2
736	733	2
736	789	1
737	54	1
737	94	2
737	231	2
737	319	1
737	414	2
737	451	2
737	523	1
737	621	1
737	910	1
737	936	1
738	40	1
738	151	3
738	309	3
738	364	3
738	396	4
738	468	2
738	624	3
738	648	3
738	682	2
738	791	4
739	19	1
739	37	2
739	59	1
739	77	2
739	221	2
739	228	2
739	248	3
739	313	2
739	470	2
739	663	2
740	194	4
740	212	2
740	269	3
740	342	5
740	422	2
740	435	2
740	499	2
740	699	2
740	744	2
740	767	3
741	108	1
741	155	1
741	185	1
741	364	1
741	388	1
741	437	1
741	467	1
741	536	1
741	569	1
741	960	1
742	43	1
742	76	1
742	206	4
742	247	1
742	327	1
742	460	1
742	568	1
742	591	1
742	697	3
742	709	2
743	85	1
743	114	3
743	175	1
743	228	1
743	330	2
743	425	1
743	463	1
743	478	1
743	684	2
743	812	1
744	118	1
744	219	2
744	272	2
744	302	1
744	595	1
744	626	1
744	636	5
744	682	1
744	706	1
744	773	2
745	59	2
745	105	5
745	127	3
745	317	2
745	464	2
745	500	3
745	611	1
745	839	2
745	989	2
745	998	5
746	182	2
746	202	2
746	300	4
746	328	4
746	367	4
746	681	1
746	807	3
746	880	5
746	891	1
746	907	3
747	19	1
747	58	2
747	207	1
747	213	2
747	249	1
747	252	3
747	474	3
747	647	1
747	715	1
747	994	2
748	178	1
748	192	1
748	214	1
748	534	2
748	590	1
748	608	3
748	710	1
748	729	2
748	877	2
748	912	2
749	50	2
749	222	1
749	337	1
749	403	1
749	462	1
749	476	1
749	502	1
749	869	4
749	932	1
749	984	1
750	98	1
750	191	1
750	275	1
750	356	1
750	587	1
750	601	1
750	752	1
750	825	1
750	918	1
750	994	1
751	55	1
751	99	5
751	134	1
751	272	1
751	293	3
751	408	3
751	540	3
751	571	4
751	747	5
751	998	2
752	239	1
752	300	1
752	376	2
752	391	1
752	434	2
752	488	1
752	583	1
752	584	1
752	589	4
752	629	5
753	39	1
753	162	1
753	189	1
753	382	1
753	414	2
753	656	1
753	731	1
753	733	1
753	920	1
753	981	1
754	30	2
754	460	3
754	488	1
754	532	1
754	760	2
754	805	1
754	833	2
754	907	1
754	960	2
754	976	1
755	215	2
755	302	1
755	504	1
755	683	1
755	766	1
755	820	1
755	868	1
755	890	1
755	983	1
755	994	1
756	24	2
756	206	4
756	348	3
756	357	1
756	387	3
756	405	5
756	446	3
756	740	3
756	794	1
756	855	3
757	126	1
757	197	1
757	209	5
757	275	1
757	372	1
757	444	1
757	500	1
757	664	1
757	779	1
757	893	1
758	94	1
758	108	1
758	211	1
758	238	1
758	253	1
758	310	1
758	392	1
758	857	1
758	983	1
758	996	1
759	44	1
759	48	1
759	186	1
759	204	1
759	273	1
759	290	1
759	573	1
759	780	1
759	915	1
759	921	1
760	23	1
760	101	1
760	164	1
760	263	2
760	579	1
760	596	2
760	703	1
760	716	3
760	784	2
760	908	1
761	204	1
761	261	1
761	509	1
761	539	1
761	622	1
761	671	5
761	720	1
761	870	1
761	881	1
761	983	1
762	45	2
762	70	2
762	190	3
762	255	1
762	420	1
762	533	1
762	568	1
762	617	1
762	619	1
762	889	3
763	48	3
763	202	2
763	261	3
763	349	4
763	361	2
763	599	2
763	622	2
763	644	1
763	779	3
763	918	3
764	99	1
764	110	3
764	179	2
764	187	1
764	345	3
764	495	1
764	525	1
764	574	2
764	978	1
764	999	1
765	106	1
765	197	2
765	308	2
765	328	1
765	344	1
765	435	2
765	686	1
765	712	1
765	718	1
765	899	1
766	60	5
766	138	5
766	413	1
766	436	5
766	453	1
766	588	5
766	623	4
766	720	5
766	821	2
766	966	2
767	176	1
767	331	1
767	448	3
767	574	1
767	581	5
767	677	3
767	729	1
767	785	2
767	938	2
767	966	1
768	202	1
768	283	2
768	302	1
768	329	4
768	525	3
768	561	2
768	755	3
768	852	2
768	977	3
768	985	1
769	85	4
769	135	2
769	281	3
769	420	2
769	518	2
769	546	2
769	631	3
769	661	2
769	705	3
769	779	2
770	335	1
770	479	2
770	486	1
770	548	1
770	644	1
770	647	1
770	728	3
770	769	2
770	789	3
770	841	2
771	89	4
771	322	2
771	554	1
771	624	1
771	765	2
771	769	1
771	780	4
771	859	1
771	876	3
771	924	1
772	156	1
772	157	1
772	170	4
772	250	1
772	289	2
772	612	2
772	758	2
772	867	2
772	913	2
772	918	1
773	22	5
773	235	5
773	266	3
773	427	1
773	469	1
773	513	4
773	517	1
773	606	3
773	781	4
773	878	2
774	18	3
774	192	3
774	232	3
774	501	1
774	506	5
774	707	4
774	806	3
774	904	2
774	942	4
774	971	2
775	18	4
775	155	3
775	222	2
775	392	2
775	416	1
775	443	3
775	566	4
775	774	5
775	889	3
775	933	1
776	9	1
776	60	1
776	171	2
776	382	1
776	492	1
776	567	1
776	618	1
776	798	1
776	889	1
776	924	1
777	52	1
777	176	2
777	220	1
777	272	1
777	305	1
777	594	3
777	655	1
777	701	1
777	818	1
777	977	1
778	96	1
778	252	4
778	253	3
778	355	4
778	554	4
778	579	1
778	727	4
778	749	3
778	875	1
778	907	1
779	4	1
779	64	1
779	123	1
779	222	1
779	234	1
779	262	1
779	640	1
779	780	1
779	837	1
779	992	1
780	51	1
780	175	1
780	425	1
780	469	2
780	525	1
780	585	1
780	670	1
780	686	1
780	902	2
780	953	1
781	12	2
781	16	3
781	105	2
781	346	3
781	378	2
781	450	2
781	721	2
781	759	3
781	780	2
781	824	2
782	91	2
782	129	2
782	188	1
782	217	1
782	291	1
782	590	1
782	597	4
782	649	1
782	690	1
782	949	1
783	133	2
783	135	2
783	177	2
783	238	2
783	264	1
783	286	3
783	472	1
783	626	2
783	786	2
783	894	1
784	100	1
784	103	2
784	151	2
784	218	1
784	265	1
784	342	1
784	441	1
784	704	1
784	795	2
784	856	3
785	70	2
785	332	2
785	375	2
785	413	2
785	626	2
785	794	2
785	909	2
785	912	3
785	936	2
785	982	2
786	77	2
786	119	4
786	198	1
786	274	3
786	298	1
786	314	1
786	404	3
786	478	2
786	492	4
786	600	1
787	27	5
787	274	3
787	388	2
787	558	1
787	649	2
787	650	5
787	786	2
787	823	3
787	853	2
787	948	1
788	245	1
788	307	2
788	381	2
788	454	3
788	479	2
788	618	3
788	648	3
788	743	3
788	844	2
788	909	3
789	5	1
789	117	1
789	351	1
789	417	1
789	474	5
789	798	1
789	799	1
789	880	1
789	959	1
789	976	1
790	25	2
790	166	2
790	242	2
790	519	2
790	585	2
790	656	2
790	867	2
790	868	2
790	901	2
790	966	2
791	49	1
791	124	1
791	125	2
791	147	1
791	219	1
791	348	1
791	372	1
791	375	1
791	682	1
791	860	1
792	83	1
792	217	1
792	250	1
792	412	1
792	563	3
792	577	1
792	611	1
792	756	3
792	841	2
792	924	1
793	212	1
793	307	1
793	375	1
793	496	5
793	506	1
793	566	2
793	569	1
793	602	1
793	787	1
793	809	1
794	63	1
794	159	5
794	169	1
794	224	2
794	491	1
794	503	2
794	512	1
794	609	1
794	801	1
794	857	2
795	36	2
795	49	3
795	170	1
795	325	4
795	496	2
795	528	1
795	568	3
795	574	2
795	648	1
795	840	2
796	10	1
796	30	1
796	137	1
796	398	1
796	497	1
796	589	5
796	691	1
796	757	1
796	921	1
796	923	1
797	51	1
797	63	1
797	96	1
797	222	1
797	482	1
797	665	1
797	675	1
797	827	1
797	916	1
797	955	1
798	517	1
798	545	1
798	549	1
798	550	1
798	625	1
798	859	1
798	886	1
798	914	2
798	919	1
798	977	1
799	99	1
799	115	1
799	134	2
799	136	3
799	274	4
799	316	2
799	331	2
799	388	1
799	411	3
799	772	2
800	25	1
800	107	1
800	315	1
800	320	1
800	341	1
800	570	1
800	580	1
800	637	1
800	657	1
800	954	1
